 --> Lagrange Module Location (i_box,box_lon,box_lat,box_lev) <-- 
0001    0.00000E+0000    0.00000E+0000    0.20000E+0002
0002    0.50000E+0001    0.40000E+0001    0.20000E+0002
0003    0.10000E+0002    0.80000E+0001    0.20000E+0002
-----
0001   -0.10662E-0002    0.17745E-0002    0.20000E+0002
0002    0.50146E+0001    0.40016E+0001    0.20000E+0002
0003    0.10029E+0002    0.80157E+0001    0.20000E+0002
-----
0001   -0.21324E-0002    0.35489E-0002    0.20000E+0002
0002    0.50292E+0001    0.40032E+0001    0.20000E+0002
0003    0.10059E+0002    0.80314E+0001    0.20000E+0002
-----
0001   -0.31986E-0002    0.53234E-0002    0.20000E+0002
0002    0.50439E+0001    0.40049E+0001    0.20000E+0002
0003    0.10088E+0002    0.80470E+0001    0.20000E+0002
-----
0001   -0.42648E-0002    0.70978E-0002    0.20000E+0002
0002    0.50585E+0001    0.40065E+0001    0.20000E+0002
0003    0.10118E+0002    0.80627E+0001    0.20000E+0002
-----
0001   -0.53310E-0002    0.88723E-0002    0.20000E+0002
0002    0.50731E+0001    0.40081E+0001    0.20000E+0002
0003    0.10147E+0002    0.80784E+0001    0.20000E+0002
-----
0001   -0.63972E-0002    0.10647E-0001    0.20000E+0002
0002    0.50877E+0001    0.40097E+0001    0.20000E+0002
0003    0.10176E+0002    0.80941E+0001    0.20000E+0002
-----
0001   -0.74634E-0002    0.12421E-0001    0.20000E+0002
0002    0.51024E+0001    0.40113E+0001    0.20000E+0002
0003    0.10206E+0002    0.81098E+0001    0.20000E+0002
-----
0001   -0.85296E-0002    0.14196E-0001    0.20000E+0002
0002    0.51170E+0001    0.40129E+0001    0.20000E+0002
0003    0.10235E+0002    0.81255E+0001    0.20000E+0002
-----
0001   -0.95958E-0002    0.15970E-0001    0.20000E+0002
0002    0.51316E+0001    0.40146E+0001    0.20000E+0002
0003    0.10265E+0002    0.81411E+0001    0.20000E+0002
-----
0001   -0.10662E-0001    0.17745E-0001    0.20000E+0002
0002    0.51462E+0001    0.40162E+0001    0.20000E+0002
0003    0.10294E+0002    0.81568E+0001    0.20000E+0002
-----
0001   -0.11728E-0001    0.19519E-0001    0.20000E+0002
0002    0.51609E+0001    0.40178E+0001    0.20000E+0002
0003    0.10324E+0002    0.81725E+0001    0.20000E+0002
-----
0001   -0.12794E-0001    0.21293E-0001    0.20000E+0002
0002    0.51755E+0001    0.40194E+0001    0.20000E+0002
0003    0.10353E+0002    0.81882E+0001    0.20000E+0002
-----
0001   -0.13861E-0001    0.23068E-0001    0.20000E+0002
0002    0.51901E+0001    0.40210E+0001    0.20000E+0002
0003    0.10382E+0002    0.82039E+0001    0.20000E+0002
-----
0001   -0.14927E-0001    0.24842E-0001    0.20000E+0002
0002    0.52047E+0001    0.40226E+0001    0.20000E+0002
0003    0.10412E+0002    0.82196E+0001    0.20000E+0002
-----
0001   -0.15993E-0001    0.26617E-0001    0.20000E+0002
0002    0.52194E+0001    0.40243E+0001    0.20000E+0002
0003    0.10441E+0002    0.82352E+0001    0.20000E+0002
-----
0001   -0.17059E-0001    0.28391E-0001    0.20000E+0002
0002    0.52340E+0001    0.40259E+0001    0.20000E+0002
0003    0.10471E+0002    0.82509E+0001    0.20000E+0002
-----
0001   -0.18125E-0001    0.30166E-0001    0.20000E+0002
0002    0.52486E+0001    0.40275E+0001    0.20000E+0002
0003    0.10500E+0002    0.82666E+0001    0.20000E+0002
-----
0001   -0.19192E-0001    0.31940E-0001    0.20000E+0002
0002    0.52632E+0001    0.40291E+0001    0.20000E+0002
0003    0.10530E+0002    0.82823E+0001    0.20000E+0002
-----
0001   -0.20258E-0001    0.33715E-0001    0.20000E+0002
0002    0.52779E+0001    0.40307E+0001    0.20000E+0002
0003    0.10559E+0002    0.82980E+0001    0.20000E+0002
-----
0001   -0.24229E-0001    0.40059E-0001    0.20000E+0002
0002    0.52926E+0001    0.40311E+0001    0.20000E+0002
0003    0.10580E+0002    0.83175E+0001    0.20000E+0002
-----
0001   -0.28201E-0001    0.46403E-0001    0.20000E+0002
0002    0.53074E+0001    0.40315E+0001    0.20000E+0002
0003    0.10601E+0002    0.83369E+0001    0.20000E+0002
-----
0001   -0.32172E-0001    0.52747E-0001    0.20000E+0002
0002    0.53221E+0001    0.40319E+0001    0.20000E+0002
0003    0.10622E+0002    0.83564E+0001    0.20000E+0002
-----
0001   -0.36143E-0001    0.59091E-0001    0.20000E+0002
0002    0.53368E+0001    0.40323E+0001    0.20000E+0002
0003    0.10643E+0002    0.83759E+0001    0.20000E+0002
-----
0001   -0.40115E-0001    0.65435E-0001    0.20000E+0002
0002    0.53516E+0001    0.40327E+0001    0.20000E+0002
0003    0.10664E+0002    0.83954E+0001    0.20000E+0002
-----
0001   -0.44086E-0001    0.71780E-0001    0.20000E+0002
0002    0.53663E+0001    0.40331E+0001    0.20000E+0002
0003    0.10685E+0002    0.84149E+0001    0.20000E+0002
-----
0001   -0.48057E-0001    0.78124E-0001    0.20000E+0002
0002    0.53811E+0001    0.40335E+0001    0.20000E+0002
0003    0.10706E+0002    0.84344E+0001    0.20000E+0002
-----
0001   -0.52029E-0001    0.84468E-0001    0.20000E+0002
0002    0.53958E+0001    0.40340E+0001    0.20000E+0002
0003    0.10727E+0002    0.84539E+0001    0.20000E+0002
-----
0001   -0.56000E-0001    0.90812E-0001    0.20000E+0002
0002    0.54106E+0001    0.40344E+0001    0.20000E+0002
0003    0.10748E+0002    0.84734E+0001    0.20000E+0002
-----
0001   -0.59972E-0001    0.97156E-0001    0.20000E+0002
0002    0.54253E+0001    0.40348E+0001    0.20000E+0002
0003    0.10770E+0002    0.84929E+0001    0.20000E+0002
-----
0001   -0.63943E-0001    0.10350E+0000    0.20000E+0002
0002    0.54400E+0001    0.40352E+0001    0.20000E+0002
0003    0.10791E+0002    0.85124E+0001    0.20000E+0002
-----
0001   -0.67914E-0001    0.10984E+0000    0.20000E+0002
0002    0.54548E+0001    0.40356E+0001    0.20000E+0002
0003    0.10812E+0002    0.85319E+0001    0.20000E+0002
-----
0001   -0.71886E-0001    0.11619E+0000    0.20000E+0002
0002    0.54695E+0001    0.40360E+0001    0.20000E+0002
0003    0.10833E+0002    0.85513E+0001    0.20000E+0002
-----
0001   -0.75857E-0001    0.12253E+0000    0.20000E+0002
0002    0.54843E+0001    0.40364E+0001    0.20000E+0002
0003    0.10854E+0002    0.85708E+0001    0.20000E+0002
-----
0001   -0.79828E-0001    0.12888E+0000    0.20000E+0002
0002    0.54990E+0001    0.40368E+0001    0.20000E+0002
0003    0.10875E+0002    0.85903E+0001    0.20000E+0002
-----
0001   -0.83800E-0001    0.13522E+0000    0.20000E+0002
0002    0.55138E+0001    0.40372E+0001    0.20000E+0002
0003    0.10896E+0002    0.86098E+0001    0.20000E+0002
-----
0001   -0.87771E-0001    0.14157E+0000    0.20000E+0002
0002    0.55285E+0001    0.40376E+0001    0.20000E+0002
0003    0.10917E+0002    0.86293E+0001    0.20000E+0002
-----
0001   -0.91743E-0001    0.14791E+0000    0.20000E+0002
0002    0.55432E+0001    0.40380E+0001    0.20000E+0002
0003    0.10938E+0002    0.86488E+0001    0.20000E+0002
-----
0001   -0.96168E-0001    0.15820E+0000    0.20000E+0002
0002    0.55590E+0001    0.40382E+0001    0.20000E+0002
0003    0.10955E+0002    0.86579E+0001    0.20000E+0002
-----
0001   -0.10059E+0000    0.16849E+0000    0.20000E+0002
0002    0.55748E+0001    0.40383E+0001    0.20000E+0002
0003    0.10973E+0002    0.86669E+0001    0.20000E+0002
-----
0001   -0.10502E+0000    0.17878E+0000    0.20000E+0002
0002    0.55906E+0001    0.40385E+0001    0.20000E+0002
0003    0.10990E+0002    0.86760E+0001    0.20000E+0002
-----
0001   -0.10944E+0000    0.18907E+0000    0.20000E+0002
0002    0.56064E+0001    0.40386E+0001    0.20000E+0002
0003    0.11007E+0002    0.86850E+0001    0.20000E+0002
-----
0001   -0.11387E+0000    0.19936E+0000    0.20000E+0002
0002    0.56222E+0001    0.40388E+0001    0.20000E+0002
0003    0.11025E+0002    0.86941E+0001    0.20000E+0002
-----
0001   -0.11830E+0000    0.20965E+0000    0.20000E+0002
0002    0.56379E+0001    0.40390E+0001    0.20000E+0002
0003    0.11042E+0002    0.87031E+0001    0.20000E+0002
-----
0001   -0.12272E+0000    0.21994E+0000    0.20000E+0002
0002    0.56537E+0001    0.40391E+0001    0.20000E+0002
0003    0.11059E+0002    0.87122E+0001    0.20000E+0002
-----
0001   -0.12715E+0000    0.23023E+0000    0.20000E+0002
0002    0.56695E+0001    0.40393E+0001    0.20000E+0002
0003    0.11077E+0002    0.87213E+0001    0.20000E+0002
-----
0001   -0.13157E+0000    0.24052E+0000    0.20000E+0002
0002    0.56853E+0001    0.40394E+0001    0.20000E+0002
0003    0.11094E+0002    0.87303E+0001    0.20000E+0002
-----
0001   -0.13600E+0000    0.25081E+0000    0.20000E+0002
0002    0.57011E+0001    0.40396E+0001    0.20000E+0002
0003    0.11111E+0002    0.87394E+0001    0.20000E+0002
-----
0001   -0.14042E+0000    0.26110E+0000    0.20000E+0002
0002    0.57169E+0001    0.40398E+0001    0.20000E+0002
0003    0.11128E+0002    0.87484E+0001    0.20000E+0002
-----
0001   -0.14485E+0000    0.27139E+0000    0.20000E+0002
0002    0.57326E+0001    0.40399E+0001    0.20000E+0002
0003    0.11146E+0002    0.87575E+0001    0.20000E+0002
-----
0001   -0.14927E+0000    0.28168E+0000    0.20000E+0002
0002    0.57484E+0001    0.40401E+0001    0.20000E+0002
0003    0.11163E+0002    0.87665E+0001    0.20000E+0002
-----
0001   -0.15370E+0000    0.29198E+0000    0.20000E+0002
0002    0.57642E+0001    0.40402E+0001    0.20000E+0002
0003    0.11180E+0002    0.87756E+0001    0.20000E+0002
-----
0001   -0.15812E+0000    0.30227E+0000    0.20000E+0002
0002    0.57800E+0001    0.40404E+0001    0.20000E+0002
0003    0.11198E+0002    0.87847E+0001    0.20000E+0002
-----
0001   -0.16255E+0000    0.31256E+0000    0.20000E+0002
0002    0.57958E+0001    0.40406E+0001    0.20000E+0002
0003    0.11215E+0002    0.87937E+0001    0.20000E+0002
-----
0001   -0.16698E+0000    0.32285E+0000    0.20000E+0002
0002    0.58115E+0001    0.40407E+0001    0.20000E+0002
0003    0.11232E+0002    0.88028E+0001    0.20000E+0002
-----
0001   -0.17140E+0000    0.33314E+0000    0.20000E+0002
0002    0.58273E+0001    0.40409E+0001    0.20000E+0002
0003    0.11250E+0002    0.88118E+0001    0.20000E+0002
-----
0001   -0.17331E+0000    0.34701E+0000    0.20000E+0002
0002    0.58434E+0001    0.40424E+0001    0.20000E+0002
0003    0.11281E+0002    0.88191E+0001    0.20000E+0002
-----
0001   -0.17523E+0000    0.36088E+0000    0.20000E+0002
0002    0.58595E+0001    0.40439E+0001    0.20000E+0002
0003    0.11311E+0002    0.88264E+0001    0.20000E+0002
-----
0001   -0.17714E+0000    0.37475E+0000    0.20000E+0002
0002    0.58756E+0001    0.40453E+0001    0.20000E+0002
0003    0.11342E+0002    0.88336E+0001    0.20000E+0002
-----
0001   -0.17905E+0000    0.38862E+0000    0.20000E+0002
0002    0.58917E+0001    0.40468E+0001    0.20000E+0002
0003    0.11373E+0002    0.88409E+0001    0.20000E+0002
-----
0001   -0.18096E+0000    0.40249E+0000    0.20000E+0002
0002    0.59078E+0001    0.40483E+0001    0.20000E+0002
0003    0.11404E+0002    0.88482E+0001    0.20000E+0002
-----
0001   -0.18288E+0000    0.41636E+0000    0.20000E+0002
0002    0.59238E+0001    0.40498E+0001    0.20000E+0002
0003    0.11435E+0002    0.88554E+0001    0.20000E+0002
-----
0001   -0.18479E+0000    0.43023E+0000    0.20000E+0002
0002    0.59399E+0001    0.40513E+0001    0.20000E+0002
0003    0.11466E+0002    0.88627E+0001    0.20000E+0002
-----
0001   -0.18670E+0000    0.44410E+0000    0.20000E+0002
0002    0.59560E+0001    0.40528E+0001    0.20000E+0002
0003    0.11497E+0002    0.88700E+0001    0.20000E+0002
-----
0001   -0.18861E+0000    0.45797E+0000    0.20000E+0002
0002    0.59721E+0001    0.40542E+0001    0.20000E+0002
0003    0.11528E+0002    0.88772E+0001    0.20000E+0002
-----
0001   -0.19052E+0000    0.47184E+0000    0.20000E+0002
0002    0.59882E+0001    0.40557E+0001    0.20000E+0002
0003    0.11558E+0002    0.88845E+0001    0.20000E+0002
-----
0001   -0.19244E+0000    0.48572E+0000    0.20000E+0002
0002    0.60043E+0001    0.40572E+0001    0.20000E+0002
0003    0.11589E+0002    0.88918E+0001    0.20000E+0002
-----
0001   -0.19435E+0000    0.49959E+0000    0.20000E+0002
0002    0.60203E+0001    0.40587E+0001    0.20000E+0002
0003    0.11620E+0002    0.88990E+0001    0.20000E+0002
-----
0001   -0.19626E+0000    0.51346E+0000    0.20000E+0002
0002    0.60364E+0001    0.40602E+0001    0.20000E+0002
0003    0.11651E+0002    0.89063E+0001    0.20000E+0002
-----
0001   -0.19817E+0000    0.52733E+0000    0.20000E+0002
0002    0.60525E+0001    0.40617E+0001    0.20000E+0002
0003    0.11682E+0002    0.89136E+0001    0.20000E+0002
-----
0001   -0.20009E+0000    0.54120E+0000    0.20000E+0002
0002    0.60686E+0001    0.40632E+0001    0.20000E+0002
