 h2so4 RRTMG LUT interpolated from GADS (DAR 09/2013)
 V0.1 - contains Fast-J wavelengths but is the same as the original jv_spec.dat values
  w(nm)   RH       N         iK  RgDry  RgWet      Sg       Q  Alpha  r-eff ss-alb  g-sym  pi(0)  pi(1)  pi(2)  pi(3)  pi(4)  pi(5)  pi(6)  pi(7)
  300.0    0  1.3326  0.000E+00  0.050  0.050    0.60  0.1149  0.990  0.050  1.000  0.207  1.000  0.621  0.575  0.130  0.013  0.001  0.000  0.000
  400.0    0  1.3326  0.000E+00  0.050  0.050    0.60  0.0408  0.990  0.050  1.000  0.114  1.000  0.343  0.523  0.071  0.004  0.000  0.000  0.000
  440.0    0  1.3326  0.000E+00  0.050  0.050    0.60  0.0284  0.990  0.050  1.000  0.094  1.000  0.283  0.516  0.059  0.003  0.000  0.000  0.000
  500.0    0  1.3326  0.000E+00  0.050  0.050    0.60  0.0174  0.990  0.050  1.000  0.073  1.000  0.219  0.509  0.045  0.002  0.000  0.000  0.000
  550.0    0  1.3326  0.000E+00  0.050  0.050    0.60  0.0120  0.990  0.050  1.000  0.060  1.000  0.181  0.506  0.038  0.001  0.000  0.000  0.000
  600.0    0  1.3326  0.000E+00  0.050  0.050    0.60  0.0085  0.990  0.050  1.000  0.051  1.000  0.152  0.505  0.032  0.001  0.000  0.000  0.000
  675.0    0  1.3326  0.000E+00  0.050  0.050    0.60  0.0053  0.990  0.050  1.000  0.040  1.000  0.120  0.503  0.025  0.001  0.000  0.000  0.000
  800.0    0  1.3326  0.000E+00  0.050  0.050    0.60  0.0027  0.990  0.050  1.000  0.029  1.000  0.086  0.501  0.018  0.000  0.000  0.000  0.000
  870.0    0  1.3326  0.000E+00  0.050  0.050    0.60  0.0020  0.990  0.050  1.000  0.024  1.000  0.073  0.501  0.015  0.000  0.000  0.000  0.000
 1000.0    0  1.3326  0.000E+00  0.050  0.050    0.60  0.0011  0.990  0.050  1.000  0.018  1.000  0.055  0.501  0.011  0.000  0.000  0.000  0.000
 1020.0    0  1.3326  0.000E+00  0.050  0.050    0.60  0.0010  0.990  0.050  1.000  0.018  1.000  0.053  0.501  0.011  0.000  0.000  0.000  0.000
55555.6    0  1.1684  0.258E+00  0.050  0.050    0.60  0.0037  0.990  0.050  0.000  0.000  1.000  0.000  0.500  0.000  0.000  0.000 -0.000  0.000
23529.4    0  1.1684  0.258E+00  0.050  0.050    0.60  0.0087  0.990  0.050  0.000  0.000  1.000  0.000  0.500  0.000  0.000  0.000 -0.000  0.000
17699.1    0  1.1684  0.258E+00  0.050  0.050    0.60  0.0115  0.990  0.050  0.000  0.000  1.000  0.000  0.500  0.000  0.000  0.000  0.000 -0.000
15037.6    0  1.1684  0.258E+00  0.050  0.050    0.60  0.0136  0.990  0.050  0.000  0.000  1.000  0.000  0.500  0.000  0.000  0.000 -0.000  0.000
13157.9    0  1.1684  0.258E+00  0.050  0.050    0.60  0.0155  0.990  0.050  0.000  0.000  1.000  0.000  0.500  0.000  0.000  0.000  0.000  0.000
11111.1    0  1.1796  0.164E+00  0.050  0.050    0.60  0.0115  0.990  0.050  0.000  0.000  1.000  0.000  0.500  0.000  0.000  0.000  0.000  0.000
 9708.7    0  1.3159  0.103E+00  0.050  0.050    0.60  0.0076  0.990  0.050  0.000  0.000  1.000  0.001  0.500  0.000  0.000  0.000  0.000 -0.000
 8849.6    0  1.2787  0.149E+00  0.050  0.050    0.60  0.0124  0.990  0.050  0.000  0.000  1.000  0.001  0.500  0.000  0.000  0.000  0.000  0.000
 7782.1    0  1.2991  0.655E-01  0.050  0.050    0.60  0.0061  0.990  0.050  0.000  0.000  1.000  0.001  0.500  0.000  0.000  0.000  0.000 -0.000
 6968.6    0  1.3311  0.555E-01  0.050  0.050    0.60  0.0057  0.990  0.050  0.000  0.000  1.000  0.001  0.500  0.000  0.000  0.000  0.000  0.000
 6097.6    0  1.3533  0.119E+00  0.050  0.050    0.60  0.0137  0.990  0.050  0.000  0.000  1.000  0.001  0.500  0.000  0.000  0.000  0.000  0.000
 5154.6    0  1.3366  0.293E-01  0.050  0.050    0.60  0.0040  0.990  0.050  0.000  0.001  1.000  0.002  0.500  0.000  0.000  0.000  0.000 -0.000
 4618.9    0  1.3577  0.343E-01  0.050  0.050    0.60  0.0052  0.990  0.050  0.001  0.001  1.000  0.003  0.500  0.001  0.000  0.000  0.000  0.000
 4319.7    0  1.3621  0.267E-01  0.050  0.050    0.60  0.0043  0.990  0.050  0.001  0.001  1.000  0.003  0.500  0.001  0.000  0.000  0.000  0.000
 4016.1    0  1.3799  0.213E-01  0.050  0.050    0.60  0.0037  0.990  0.050  0.002  0.001  1.000  0.003  0.500  0.001  0.000  0.000  0.000 -0.000
 3418.8    0  1.4670  0.487E-01  0.050  0.050    0.60  0.0093  0.990  0.050  0.002  0.002  1.000  0.005  0.500  0.001  0.000  0.000  0.000 -0.000
 3444.7    0  1.4602  0.438E-01  0.050  0.050    0.60  0.0083  0.990  0.050  0.002  0.002  1.000  0.005  0.500  0.001  0.000  0.000  0.000  0.000
 2777.0    0  1.1248  0.530E-01  0.050  0.050    0.60  0.0153  0.990  0.050  0.000  0.002  1.000  0.007  0.500  0.002  0.000  0.000  0.000  0.000
 2320.2    0  1.2971  0.000E+00  0.050  0.050    0.60  0.0000  0.990  0.050  1.000  0.003  1.000  0.010  0.500  0.002  0.000  0.000  0.000  0.000
 2044.2    0  1.3176  0.000E+00  0.050  0.050    0.60  0.0001  0.990  0.050  1.000  0.004  1.000  0.013  0.500  0.003  0.000  0.000  0.000  0.000
 1778.4    0  1.3291  0.000E+00  0.050  0.050    0.60  0.0001  0.990  0.050  1.000  0.006  1.000  0.017  0.500  0.004  0.000  0.000  0.000  0.000
 1455.2    0  1.3326  0.000E+00  0.050  0.050    0.60  0.0003  0.990  0.050  1.000  0.009  1.000  0.026  0.500  0.005  0.000  0.000  0.000  0.000
 1270.3    0  1.3326  0.000E+00  0.050  0.050    0.60  0.0004  0.990  0.050  1.000  0.011  1.000  0.034  0.500  0.007  0.000  0.000  0.000  0.000
  944.3    0  1.3326  0.000E+00  0.050  0.050    0.60  0.0014  0.990  0.050  1.000  0.021  1.000  0.062  0.501  0.013  0.000  0.000  0.000  0.000
  693.5    0  1.3326  0.000E+00  0.050  0.050    0.60  0.0048  0.990  0.050  1.000  0.038  1.000  0.114  0.503  0.024  0.000  0.000  0.000  0.000
  527.1    0  1.3326  0.000E+00  0.050  0.050    0.60  0.0141  0.990  0.050  1.000  0.066  1.000  0.197  0.508  0.041  0.001  0.000  0.000  0.000
  399.8    0  1.3326  0.000E+00  0.050  0.050    0.60  0.0409  0.990  0.050  1.000  0.114  1.000  0.343  0.523  0.071  0.004  0.000  0.000  0.000
  329.1    0  1.3326  0.000E+00  0.050  0.050    0.60  0.0834  0.990  0.050  1.000  0.170  1.000  0.511  0.551  0.107  0.009  0.000  0.000  0.000
  229.8    0  1.3326  0.000E+00  0.050  0.050    0.60  0.2607  0.990  0.050  1.000  0.371  1.000  1.114  0.744  0.245  0.043  0.004  0.000  0.000
 7082.2    0  1.3270  0.562E-01  0.050  0.050    0.60  0.0057  0.990  0.050  0.000  0.000  1.000  0.001  0.500  0.000  0.000  0.000  0.000  0.000
  300.0   50  1.3797  0.114E-01  0.050  0.076    0.60  0.5434  0.990  0.076  0.888  0.516  1.000  1.549  0.977  0.354  0.081  0.011  0.001  0.000
  400.0   50  1.3797  0.114E-01  0.050  0.076    0.60  0.2579  0.990  0.076  0.842  0.274  1.000  0.823  0.629  0.168  0.022  0.002  0.000  0.000
  440.0   50  1.3797  0.114E-01  0.050  0.076    0.60  0.1959  0.990  0.076  0.817  0.222  1.000  0.667  0.585  0.135  0.015  0.001  0.000  0.000
  500.0   50  1.3797  0.114E-01  0.050  0.076    0.60  0.1333  0.990  0.076  0.772  0.169  1.000  0.508  0.550  0.102  0.009  0.000  0.000  0.000
  550.0   50  1.3797  0.114E-01  0.050  0.076    0.60  0.0996  0.990  0.076  0.731  0.139  1.000  0.417  0.533  0.084  0.006  0.000  0.000  0.000
  600.0   50  1.3797  0.114E-01  0.050  0.076    0.60  0.0765  0.990  0.076  0.687  0.116  1.000  0.349  0.523  0.070  0.004  0.000  0.000  0.000
  675.0   50  1.3797  0.114E-01  0.050  0.076    0.60  0.0541  0.990  0.076  0.619  0.092  1.000  0.275  0.515  0.055  0.003  0.000  0.000  0.000
  800.0   50  1.3797  0.114E-01  0.050  0.076    0.60  0.0340  0.990  0.076  0.509  0.065  1.000  0.196  0.507  0.040  0.001  0.000  0.000  0.000
  870.0   50  1.3797  0.114E-01  0.050  0.076    0.60  0.0275  0.990  0.076  0.452  0.055  1.000  0.166  0.505  0.034  0.001  0.000  0.000  0.000
 1000.0   50  1.3797  0.114E-01  0.050  0.076    0.60  0.0200  0.990  0.076  0.359  0.042  1.000  0.126  0.503  0.025  0.001  0.000  0.000  0.000
 1020.0   50  1.3797  0.114E-01  0.050  0.076    0.60  0.0191  0.990  0.076  0.346  0.040  1.000  0.121  0.503  0.024  0.000  0.000  0.000  0.000
55555.6   50  1.7343  0.386E+00  0.050  0.076    0.60  0.0054  0.990  0.076  0.000  0.000  1.000  0.000  0.500  0.000  0.000  0.000 -0.000 -0.000
23529.4   50  1.7349  0.395E+00  0.050  0.076    0.60  0.0130  0.990  0.076  0.000  0.000  1.000  0.000  0.500  0.000  0.000  0.000  0.000 -0.000
17699.1   50  1.7588  0.446E+00  0.050  0.076    0.60  0.0191  0.990  0.076  0.000  0.000  1.000  0.000  0.500  0.000  0.000  0.000 -0.000  0.000
15037.6   50  1.5027  0.362E+00  0.050  0.076    0.60  0.0226  0.990  0.076  0.000  0.000  1.000  0.001  0.500  0.000  0.000  0.000  0.000  0.000
13157.9   50  1.5337  0.292E+00  0.050  0.076    0.60  0.0204  0.990  0.076  0.000  0.000  1.000  0.001  0.500  0.000  0.000  0.000  0.000  0.000
11111.1   50  1.5882  0.344E+00  0.050  0.076    0.60  0.0273  0.990  0.076  0.000  0.000  1.000  0.001  0.500  0.000  0.000  0.000  0.000 -0.000
 9708.7   50  1.6413  0.508E+00  0.050  0.076    0.60  0.0437  0.990  0.076  0.000  0.000  1.000  0.001  0.500  0.000  0.000  0.000  0.000 -0.000
 8849.6   50  1.4307  0.516E+00  0.050  0.076    0.60  0.0577  0.990  0.076  0.000  0.001  1.000  0.002  0.500  0.000  0.000  0.000  0.000 -0.000
 7782.1   50  1.2466  0.243E+00  0.050  0.076    0.60  0.0353  0.990  0.076  0.000  0.001  1.000  0.002  0.500  0.000  0.000  0.000  0.000  0.000
 6968.6   50  1.3269  0.172E+00  0.050  0.076    0.60  0.0265  0.990  0.076  0.000  0.001  1.000  0.003  0.500  0.001  0.000  0.000  0.000 -0.000
 6097.6   50  1.4180  0.218E+00  0.050  0.076    0.60  0.0359  0.990  0.076  0.000  0.001  1.000  0.003  0.500  0.001  0.000  0.000  0.000  0.000
 5154.6   50  1.3078  0.147E+00  0.050  0.076    0.60  0.0310  0.990  0.076  0.000  0.002  1.000  0.005  0.500  0.001  0.000  0.000  0.000  0.000
 4618.9   50  1.3434  0.122E+00  0.050  0.076    0.60  0.0281  0.990  0.076  0.001  0.002  1.000  0.006  0.500  0.001  0.000  0.000  0.000  0.000
 4319.7   50  1.3490  0.116E+00  0.050  0.076    0.60  0.0285  0.990  0.076  0.001  0.002  1.000  0.007  0.500  0.001  0.000  0.000  0.000  0.000
 4016.1   50  1.3559  0.107E+00  0.050  0.076    0.60  0.0281  0.990  0.076  0.001  0.003  1.000  0.008  0.500  0.002  0.000  0.000  0.000  0.000
 3418.8   50  1.3709  0.124E+00  0.050  0.076    0.60  0.0379  0.990  0.076  0.001  0.004  1.000  0.011  0.500  0.002  0.000  0.000  0.000  0.000
 3444.7   50  1.3700  0.120E+00  0.050  0.076    0.60  0.0366  0.990  0.076  0.001  0.004  1.000  0.011  0.500  0.002  0.000  0.000  0.000  0.000
 2777.0   50  1.1943  0.474E-01  0.050  0.076    0.60  0.0199  0.990  0.076  0.002  0.005  1.000  0.015  0.500  0.003  0.000  0.000  0.000  0.000
 2320.2   50  1.3325  0.980E-03  0.050  0.076    0.60  0.0007  0.990  0.076  0.301  0.008  1.000  0.023  0.500  0.005  0.000  0.000  0.000  0.000
 2044.2   50  1.3546  0.233E-02  0.050  0.076    0.60  0.0016  0.990  0.076  0.231  0.010  1.000  0.030  0.500  0.006  0.000  0.000  0.000  0.000
 1778.4   50  1.3679  0.541E-02  0.050  0.076    0.60  0.0039  0.990  0.076  0.173  0.013  1.000  0.040  0.500  0.008  0.000  0.000  0.000  0.000
 1455.2   50  1.3775  0.919E-02  0.050  0.076    0.60  0.0084  0.990  0.076  0.190  0.020  1.000  0.059  0.501  0.012  0.000  0.000  0.000  0.000
 1270.3   50  1.3797  0.114E-01  0.050  0.076    0.60  0.0125  0.990  0.076  0.221  0.026  1.000  0.078  0.501  0.016  0.000  0.000  0.000  0.000
  944.3   50  1.3797  0.114E-01  0.050  0.076    0.60  0.0227  0.990  0.076  0.397  0.047  1.000  0.141  0.504  0.028  0.001  0.000  0.000  0.000
  693.5   50  1.3797  0.114E-01  0.050  0.076    0.60  0.0501  0.990  0.076  0.603  0.087  1.000  0.261  0.513  0.053  0.002  0.000  0.000  0.000
  527.1   50  1.3797  0.114E-01  0.050  0.076    0.60  0.1134  0.990  0.076  0.750  0.152  1.000  0.455  0.540  0.092  0.007  0.000  0.000  0.000
  399.8   50  1.3797  0.114E-01  0.050  0.076    0.60  0.2583  0.990  0.076  0.842  0.275  1.000  0.824  0.629  0.168  0.022  0.002  0.000  0.000
  329.1   50  1.3797  0.114E-01  0.050  0.076    0.60  0.4313  0.990  0.076  0.877  0.426  1.000  1.277  0.814  0.275  0.053  0.006  0.000  0.000
  229.8   50  1.3797  0.114E-01  0.050  0.076    0.60  1.1196  0.990  0.076  0.918  0.669  1.000  2.007  1.651  0.731  0.254  0.057  0.009  0.001
 7082.2   50  1.3166  0.180E+00  0.050  0.076    0.60  0.0274  0.990  0.076  0.000  0.001  1.000  0.002  0.500  0.001  0.000  0.000  0.000  0.000
  300.0   70  1.4179  0.173E-01  0.050  0.084    0.60  0.9114  0.990  0.084  0.873  0.622  1.000  1.865  1.253  0.471  0.130  0.022  0.002  0.000
  400.0   70  1.4179  0.173E-01  0.050  0.084    0.60  0.4332  0.990  0.084  0.833  0.361  1.000  1.082  0.719  0.218  0.035  0.003  0.000  0.000
  440.0   70  1.4179  0.173E-01  0.050  0.084    0.60  0.3369  0.990  0.084  0.812  0.290  1.000  0.870  0.641  0.172  0.023  0.002  0.000  0.000
  500.0   70  1.4179  0.173E-01  0.050  0.084    0.60  0.2350  0.990  0.084  0.773  0.218  1.000  0.654  0.580  0.128  0.013  0.001  0.000  0.000
  550.0   70  1.4179  0.173E-01  0.050  0.084    0.60  0.1776  0.990  0.084  0.735  0.178  1.000  0.533  0.554  0.104  0.009  0.000  0.000  0.000
  600.0   70  1.4179  0.173E-01  0.050  0.084    0.60  0.1371  0.990  0.084  0.695  0.148  1.000  0.444  0.537  0.087  0.006  0.000  0.000  0.000
  675.0   70  1.4179  0.173E-01  0.050  0.084    0.60  0.0970  0.990  0.084  0.631  0.116  1.000  0.349  0.523  0.068  0.004  0.000  0.000  0.000
  800.0   70  1.4179  0.173E-01  0.050  0.084    0.60  0.0605  0.990  0.084  0.525  0.083  1.000  0.248  0.512  0.049  0.002  0.000  0.000  0.000
  870.0   70  1.4179  0.173E-01  0.050  0.084    0.60  0.0487  0.990  0.084  0.470  0.070  1.000  0.209  0.508  0.041  0.001  0.000  0.000  0.000
 1000.0   70  1.4179  0.173E-01  0.050  0.084    0.60  0.0350  0.990  0.084  0.377  0.053  1.000  0.159  0.505  0.031  0.001  0.000  0.000  0.000
 1020.0   70  1.4179  0.173E-01  0.050  0.084    0.60  0.0335  0.990  0.084  0.365  0.051  1.000  0.153  0.504  0.030  0.001  0.000  0.000  0.000
55555.6   70  1.8355  0.478E+00  0.050  0.084    0.60  0.0068  0.990  0.084  0.000  0.000  1.000  0.000  0.500  0.000  0.000  0.000 -0.000 -0.000
23529.4   70  1.8130  0.494E+00  0.050  0.084    0.60  0.0169  0.990  0.084  0.000  0.000  1.000  0.000  0.500  0.000  0.000  0.000  0.000  0.000
17699.1   70  1.9871  0.642E+00  0.050  0.084    0.60  0.0247  0.990  0.084  0.000  0.000  1.000  0.001  0.500  0.000  0.000  0.000  0.000  0.000
15037.6   70  1.5717  0.318E+00  0.050  0.084    0.60  0.0210  0.990  0.084  0.000  0.000  1.000  0.001  0.500  0.000  0.000  0.000 -0.000  0.000
13157.9   70  1.6893  0.278E+00  0.050  0.084    0.60  0.0192  0.990  0.084  0.000  0.000  1.000  0.001  0.500  0.000  0.000  0.000  0.000  0.000
11111.1   70  1.7564  0.559E+00  0.050  0.084    0.60  0.0423  0.990  0.084  0.000  0.000  1.000  0.001  0.500  0.000  0.000  0.000  0.000 -0.000
 9708.7   70  1.8590  0.755E+00  0.050  0.084    0.60  0.0580  0.990  0.084  0.000  0.001  1.000  0.002  0.500  0.000  0.000  0.000  0.000  0.000
 8849.6   70  1.6034  0.777E+00  0.050  0.084    0.60  0.0818  0.990  0.084  0.000  0.001  1.000  0.002  0.500  0.000  0.000  0.000  0.000  0.000
 7782.1   70  1.1347  0.407E+00  0.050  0.084    0.60  0.0711  0.990  0.084  0.000  0.001  1.000  0.002  0.500  0.001  0.000  0.000  0.000 -0.000
 6968.6   70  1.2809  0.172E+00  0.050  0.084    0.60  0.0305  0.990  0.084  0.000  0.001  1.000  0.003  0.500  0.001  0.000  0.000  0.000  0.000
 6097.6   70  1.4549  0.217E+00  0.050  0.084    0.60  0.0390  0.990  0.084  0.000  0.001  1.000  0.004  0.500  0.001  0.000  0.000  0.000  0.000
 5154.6   70  1.3515  0.151E+00  0.050  0.084    0.60  0.0345  0.990  0.084  0.000  0.002  1.000  0.006  0.500  0.001  0.000  0.000  0.000 -0.000
 4618.9   70  1.4025  0.150E+00  0.050  0.084    0.60  0.0371  0.990  0.084  0.001  0.002  1.000  0.007  0.500  0.002  0.000  0.000  0.000  0.000
 4319.7   70  1.4035  0.143E+00  0.050  0.084    0.60  0.0378  0.990  0.084  0.001  0.003  1.000  0.009  0.500  0.002  0.000  0.000  0.000  0.000
 4016.1   70  1.4100  0.161E+00  0.050  0.084    0.60  0.0456  0.990  0.084  0.001  0.003  1.000  0.010  0.500  0.002  0.000  0.000  0.000  0.000
 3418.8   70  1.3584  0.195E+00  0.050  0.084    0.60  0.0674  0.990  0.084  0.001  0.004  1.000  0.013  0.500  0.003  0.000  0.000  0.000  0.000
 3444.7   70  1.3646  0.194E+00  0.050  0.084    0.60  0.0663  0.990  0.084  0.001  0.004  1.000  0.013  0.500  0.003  0.000  0.000  0.000  0.000
 2777.0   70  1.2728  0.350E-01  0.050  0.084    0.60  0.0159  0.990  0.084  0.007  0.006  1.000  0.019  0.500  0.004  0.000  0.000  0.000  0.000
 2320.2   70  1.3750  0.847E-02  0.050  0.084    0.60  0.0047  0.990  0.084  0.081  0.010  1.000  0.029  0.500  0.006  0.000  0.000  0.000  0.000
 2044.2   70  1.3969  0.106E-01  0.050  0.084    0.60  0.0068  0.990  0.084  0.102  0.013  1.000  0.038  0.500  0.008  0.000  0.000  0.000  0.000
 1778.4   70  1.4077  0.133E-01  0.050  0.084    0.60  0.0100  0.990  0.084  0.127  0.017  1.000  0.050  0.500  0.010  0.000  0.000  0.000  0.000
 1455.2   70  1.4162  0.160E-01  0.050  0.084    0.60  0.0161  0.990  0.084  0.183  0.025  1.000  0.075  0.501  0.015  0.000  0.000  0.000  0.000
 1270.3   70  1.4179  0.173E-01  0.050  0.084    0.60  0.0216  0.990  0.084  0.236  0.033  1.000  0.099  0.502  0.020  0.000  0.000  0.000  0.000
  944.3   70  1.4179  0.173E-01  0.050  0.084    0.60  0.0399  0.990  0.084  0.415  0.059  1.000  0.178  0.506  0.035  0.001  0.000  0.000  0.000
  693.5   70  1.4179  0.173E-01  0.050  0.084    0.60  0.0898  0.990  0.084  0.615  0.110  1.000  0.330  0.521  0.065  0.003  0.000  0.000  0.000
  527.1   70  1.4179  0.173E-01  0.050  0.084    0.60  0.2014  0.990  0.084  0.753  0.195  1.000  0.584  0.564  0.114  0.011  0.001  0.000  0.000
  399.8   70  1.4179  0.173E-01  0.050  0.084    0.60  0.4337  0.990  0.084  0.833  0.361  1.000  1.083  0.719  0.218  0.035  0.003  0.000  0.000
  329.1   70  1.4179  0.173E-01  0.050  0.084    0.60  0.7080  0.990  0.084  0.862  0.547  1.000  1.640  1.030  0.368  0.087  0.012  0.001  0.000
  229.8   70  1.4179  0.173E-01  0.050  0.084    0.60  1.6742  0.990  0.084  0.908  0.670  1.000  2.011  1.944  1.065  0.448  0.120  0.022  0.003
 7082.2   70  1.2553  0.183E+00  0.050  0.084    0.60  0.0324  0.990  0.084  0.000  0.001  1.000  0.003  0.500  0.001  0.000  0.000  0.000 -0.000
  300.0   80  1.4200  0.137E-01  0.050  0.091    0.60  1.1140  0.990  0.091  0.907  0.651  1.000  1.953  1.430  0.566  0.174  0.033  0.004  0.000
  400.0   80  1.4200  0.137E-01  0.050  0.091    0.60  0.5100  0.990  0.091  0.875  0.425  1.000  1.275  0.806  0.262  0.049  0.005  0.000  0.000
  440.0   80  1.4200  0.137E-01  0.050  0.091    0.60  0.3988  0.990  0.091  0.861  0.342  1.000  1.026  0.696  0.205  0.032  0.003  0.000  0.000
  500.0   80  1.4200  0.137E-01  0.050  0.091    0.60  0.2799  0.990  0.091  0.833  0.256  1.000  0.767  0.610  0.151  0.018  0.001  0.000  0.000
  550.0   80  1.4200  0.137E-01  0.050  0.091    0.60  0.2111  0.990  0.091  0.806  0.207  1.000  0.622  0.573  0.122  0.012  0.001  0.000  0.000
  600.0   80  1.4200  0.137E-01  0.050  0.091    0.60  0.1618  0.990  0.091  0.775  0.172  1.000  0.517  0.550  0.101  0.008  0.000  0.000  0.000
  675.0   80  1.4200  0.137E-01  0.050  0.091    0.60  0.1125  0.990  0.091  0.723  0.135  1.000  0.405  0.531  0.079  0.005  0.000  0.000  0.000
  800.0   80  1.4200  0.137E-01  0.050  0.091    0.60  0.0674  0.990  0.091  0.631  0.095  1.000  0.286  0.516  0.056  0.003  0.000  0.000  0.000
  870.0   80  1.4200  0.137E-01  0.050  0.091    0.60  0.0530  0.990  0.091  0.579  0.081  1.000  0.242  0.511  0.048  0.002  0.000  0.000  0.000
 1000.0   80  1.4200  0.137E-01  0.050  0.091    0.60  0.0365  0.990  0.091  0.486  0.061  1.000  0.183  0.506  0.036  0.001  0.000  0.000  0.000
 1020.0   80  1.4200  0.137E-01  0.050  0.091    0.60  0.0347  0.990  0.091  0.472  0.059  1.000  0.176  0.506  0.035  0.001  0.000  0.000  0.000
55555.6   80  1.8123  0.377E+00  0.050  0.091    0.60  0.0059  0.990  0.091  0.000  0.000  1.000  0.000  0.500  0.000  0.000  0.000 -0.000  0.000
23529.4   80  1.7926  0.394E+00  0.050  0.091    0.60  0.0149  0.990  0.091  0.000  0.000  1.000  0.000  0.500  0.000  0.000  0.000 -0.000 -0.000
17699.1   80  1.9542  0.666E+00  0.050  0.091    0.60  0.0282  0.990  0.091  0.000  0.000  1.000  0.001  0.500  0.000  0.000  0.000 -0.000 -0.000
15037.6   80  1.5722  0.269E+00  0.050  0.091    0.60  0.0191  0.990  0.091  0.000  0.000  1.000  0.001  0.500  0.000  0.000  0.000  0.000  0.000
13157.9   80  1.6818  0.227E+00  0.050  0.091    0.60  0.0169  0.990  0.091  0.000  0.000  1.000  0.001  0.500  0.000  0.000  0.000  0.000 -0.000
11111.1   80  1.8154  0.557E+00  0.050  0.091    0.60  0.0431  0.990  0.091  0.000  0.001  1.000  0.002  0.500  0.000  0.000  0.000  0.000  0.000
 9708.7   80  1.8968  0.724E+00  0.050  0.091    0.60  0.0583  0.990  0.091  0.000  0.001  1.000  0.002  0.500  0.000  0.000  0.000  0.000 -0.000
 8849.6   80  1.5905  0.805E+00  0.050  0.091    0.60  0.0917  0.990  0.091  0.000  0.001  1.000  0.002  0.500  0.000  0.000  0.000  0.000 -0.000
 7782.1   80  1.0819  0.427E+00  0.050  0.091    0.60  0.0830  0.990  0.091  0.000  0.001  1.000  0.003  0.500  0.001  0.000  0.000  0.000  0.000
 6968.6   80  1.2648  0.119E+00  0.050  0.091    0.60  0.0228  0.990  0.091  0.000  0.001  1.000  0.004  0.500  0.001  0.000  0.000  0.000  0.000
 6097.6   80  1.4392  0.178E+00  0.050  0.091    0.60  0.0348  0.990  0.091  0.000  0.002  1.000  0.005  0.500  0.001  0.000  0.000  0.000  0.000
 5154.6   80  1.3947  0.131E+00  0.050  0.091    0.60  0.0314  0.990  0.091  0.001  0.002  1.000  0.007  0.500  0.001  0.000  0.000  0.000  0.000
 4618.9   80  1.4292  0.159E+00  0.050  0.091    0.60  0.0415  0.990  0.091  0.001  0.003  1.000  0.009  0.500  0.002  0.000  0.000  0.000  0.000
 4319.7   80  1.4226  0.148E+00  0.050  0.091    0.60  0.0415  0.990  0.091  0.001  0.003  1.000  0.010  0.500  0.002  0.000  0.000  0.000  0.000
 4016.1   80  1.4213  0.176E+00  0.050  0.091    0.60  0.0532  0.990  0.091  0.002  0.004  1.000  0.011  0.500  0.002  0.000  0.000  0.000  0.000
 3418.8   80  1.3373  0.207E+00  0.050  0.091    0.60  0.0780  0.990  0.091  0.002  0.005  1.000  0.015  0.500  0.003  0.000  0.000  0.000  0.000
 3444.7   80  1.3447  0.208E+00  0.050  0.091    0.60  0.0774  0.990  0.091  0.002  0.005  1.000  0.015  0.500  0.003  0.000  0.000  0.000  0.000
 2777.0   80  1.2968  0.202E-01  0.050  0.091    0.60  0.0098  0.990  0.091  0.016  0.008  1.000  0.023  0.500  0.005  0.000  0.000  0.000  0.000
 2320.2   80  1.3763  0.346E-02  0.050  0.091    0.60  0.0024  0.990  0.091  0.211  0.011  1.000  0.034  0.500  0.007  0.000  0.000  0.000  0.000
 2044.2   80  1.3966  0.455E-02  0.050  0.091    0.60  0.0037  0.990  0.091  0.248  0.015  1.000  0.044  0.500  0.009  0.000  0.000  0.000  0.000
 1778.4   80  1.4098  0.796E-02  0.050  0.091    0.60  0.0074  0.990  0.091  0.232  0.019  1.000  0.058  0.501  0.012  0.000  0.000  0.000  0.000
 1455.2   80  1.4183  0.120E-01  0.050  0.091    0.60  0.0146  0.990  0.091  0.272  0.029  1.000  0.087  0.501  0.017  0.000  0.000  0.000  0.000
 1270.3   80  1.4200  0.137E-01  0.050  0.091    0.60  0.0210  0.990  0.091  0.327  0.038  1.000  0.114  0.502  0.023  0.000  0.000  0.000  0.000
  944.3   80  1.4200  0.137E-01  0.050  0.091    0.60  0.0424  0.990  0.091  0.525  0.069  1.000  0.206  0.508  0.041  0.001  0.000  0.000  0.000
  693.5   80  1.4200  0.137E-01  0.050  0.091    0.60  0.1035  0.990  0.091  0.710  0.128  1.000  0.383  0.528  0.075  0.005  0.000  0.000  0.000
  527.1   80  1.4200  0.137E-01  0.050  0.091    0.60  0.2398  0.990  0.091  0.819  0.228  1.000  0.683  0.587  0.134  0.014  0.001  0.000  0.000
  399.8   80  1.4200  0.137E-01  0.050  0.091    0.60  0.5106  0.990  0.091  0.875  0.426  1.000  1.277  0.807  0.263  0.049  0.005  0.000  0.000
  329.1   80  1.4200  0.137E-01  0.050  0.091    0.60  0.8532  0.990  0.091  0.896  0.608  1.000  1.824  1.202  0.445  0.118  0.019  0.002  0.000
  229.8   80  1.4200  0.137E-01  0.050  0.091    0.60  1.8781  0.990  0.091  0.929  0.696  1.000  2.089  2.192  1.415  0.664  0.195  0.042  0.006
 7082.2   80  1.2291  0.131E+00  0.050  0.091    0.60  0.0253  0.990  0.091  0.000  0.001  1.000  0.003  0.500  0.001  0.000  0.000  0.000 -0.000
  300.0   90  1.4200  0.137E-01  0.050  0.104    0.60  1.5272  0.990  0.104  0.923  0.659  1.000  1.977  1.758  0.848  0.324  0.079  0.013  0.002
  400.0   90  1.4200  0.137E-01  0.050  0.104    0.60  0.7220  0.990  0.104  0.890  0.558  1.000  1.674  1.057  0.378  0.091  0.013  0.001  0.000
  440.0   90  1.4200  0.137E-01  0.050  0.104    0.60  0.5637  0.990  0.104  0.880  0.464  1.000  1.391  0.867  0.292  0.059  0.007  0.001  0.000
  500.0   90  1.4200  0.137E-01  0.050  0.104    0.60  0.4063  0.990  0.104  0.862  0.348  1.000  1.043  0.703  0.209  0.033  0.003  0.000  0.000
  550.0   90  1.4200  0.137E-01  0.050  0.104    0.60  0.3134  0.990  0.104  0.843  0.279  1.000  0.838  0.631  0.165  0.021  0.002  0.000  0.000
  600.0   90  1.4200  0.137E-01  0.050  0.104    0.60  0.2436  0.990  0.104  0.820  0.230  1.000  0.691  0.589  0.135  0.015  0.001  0.000  0.000
  675.0   90  1.4200  0.137E-01  0.050  0.104    0.60  0.1706  0.990  0.104  0.781  0.179  1.000  0.536  0.554  0.105  0.009  0.000  0.000  0.000
  800.0   90  1.4200  0.137E-01  0.050  0.104    0.60  0.1011  0.990  0.104  0.706  0.126  1.000  0.377  0.527  0.074  0.005  0.000  0.000  0.000
  870.0   90  1.4200  0.137E-01  0.050  0.104    0.60  0.0784  0.990  0.104  0.661  0.106  1.000  0.318  0.519  0.062  0.003  0.000  0.000  0.000
 1000.0   90  1.4200  0.137E-01  0.050  0.104    0.60  0.0524  0.990  0.104  0.576  0.080  1.000  0.240  0.511  0.047  0.002  0.000  0.000  0.000
 1020.0   90  1.4200  0.137E-01  0.050  0.104    0.60  0.0496  0.990  0.104  0.563  0.077  1.000  0.231  0.510  0.045  0.002  0.000  0.000  0.000
55555.6   90  1.8123  0.377E+00  0.050  0.104    0.60  0.0068  0.990  0.104  0.000  0.000  1.000  0.000  0.500  0.000  0.000  0.000 -0.000  0.000
23529.4   90  1.7926  0.394E+00  0.050  0.104    0.60  0.0170  0.990  0.104  0.000  0.000  1.000  0.001  0.500  0.000  0.000  0.000 -0.000  0.000
17699.1   90  1.9542  0.666E+00  0.050  0.104    0.60  0.0323  0.990  0.104  0.000  0.000  1.000  0.001  0.500  0.000  0.000  0.000 -0.000 -0.000
15037.6   90  1.5722  0.269E+00  0.050  0.104    0.60  0.0219  0.990  0.104  0.000  0.000  1.000  0.001  0.500  0.000  0.000  0.000  0.000  0.000
13157.9   90  1.6818  0.227E+00  0.050  0.104    0.60  0.0194  0.990  0.104  0.000  0.001  1.000  0.002  0.500  0.000  0.000  0.000  0.000 -0.000
11111.1   90  1.8154  0.557E+00  0.050  0.104    0.60  0.0494  0.990  0.104  0.000  0.001  1.000  0.002  0.500  0.000  0.000  0.000  0.000  0.000
 9708.7   90  1.8968  0.724E+00  0.050  0.104    0.60  0.0668  0.990  0.104  0.000  0.001  1.000  0.003  0.500  0.000  0.000  0.000  0.000 -0.000
 8849.6   90  1.5905  0.805E+00  0.050  0.104    0.60  0.1051  0.990  0.104  0.000  0.001  1.000  0.003  0.500  0.001  0.000  0.000  0.000  0.000
 7782.1   90  1.0819  0.427E+00  0.050  0.104    0.60  0.0950  0.990  0.104  0.000  0.001  1.000  0.003  0.500  0.001  0.000  0.000  0.000 -0.000
 6968.6   90  1.2648  0.119E+00  0.050  0.104    0.60  0.0262  0.990  0.104  0.000  0.002  1.000  0.005  0.500  0.001  0.000  0.000  0.000 -0.000
 6097.6   90  1.4392  0.178E+00  0.050  0.104    0.60  0.0399  0.990  0.104  0.001  0.002  1.000  0.007  0.500  0.001  0.000  0.000  0.000 -0.000
 5154.6   90  1.3947  0.131E+00  0.050  0.104    0.60  0.0360  0.990  0.104  0.001  0.003  1.000  0.009  0.500  0.002  0.000  0.000  0.000  0.000
 4618.9   90  1.4292  0.159E+00  0.050  0.104    0.60  0.0476  0.990  0.104  0.002  0.004  1.000  0.011  0.500  0.002  0.000  0.000  0.000  0.000
 4319.7   90  1.4226  0.148E+00  0.050  0.104    0.60  0.0476  0.990  0.104  0.002  0.004  1.000  0.013  0.500  0.003  0.000  0.000  0.000  0.000
 4016.1   90  1.4213  0.176E+00  0.050  0.104    0.60  0.0611  0.990  0.104  0.002  0.005  1.000  0.015  0.500  0.003  0.000  0.000  0.000  0.000
 3418.8   90  1.3373  0.207E+00  0.050  0.104    0.60  0.0896  0.990  0.104  0.002  0.007  1.000  0.020  0.500  0.004  0.000  0.000  0.000  0.000
 3444.7   90  1.3447  0.208E+00  0.050  0.104    0.60  0.0889  0.990  0.104  0.002  0.007  1.000  0.020  0.500  0.004  0.000  0.000  0.000  0.000
 2777.0   90  1.2968  0.202E-01  0.050  0.104    0.60  0.0114  0.990  0.104  0.024  0.010  1.000  0.030  0.500  0.006  0.000  0.000  0.000  0.000
 2320.2   90  1.3763  0.346E-02  0.050  0.104    0.60  0.0031  0.990  0.104  0.285  0.015  1.000  0.044  0.500  0.009  0.000  0.000  0.000  0.000
 2044.2   90  1.3966  0.455E-02  0.050  0.104    0.60  0.0048  0.990  0.104  0.328  0.019  1.000  0.057  0.501  0.012  0.000  0.000  0.000  0.000
 1778.4   90  1.4098  0.796E-02  0.050  0.104    0.60  0.0095  0.990  0.104  0.309  0.025  1.000  0.076  0.501  0.015  0.000  0.000  0.000  0.000
 1455.2   90  1.4183  0.120E-01  0.050  0.104    0.60  0.0192  0.990  0.104  0.354  0.038  1.000  0.114  0.502  0.023  0.000  0.000  0.000  0.000
 1270.3   90  1.4200  0.137E-01  0.050  0.104    0.60  0.0283  0.990  0.104  0.415  0.050  1.000  0.149  0.504  0.029  0.001  0.000  0.000  0.000
  944.3   90  1.4200  0.137E-01  0.050  0.104    0.60  0.0617  0.990  0.104  0.612  0.090  1.000  0.269  0.514  0.053  0.002  0.000  0.000  0.000
  693.5   90  1.4200  0.137E-01  0.050  0.104    0.60  0.1570  0.990  0.104  0.771  0.169  1.000  0.506  0.548  0.099  0.008  0.000  0.000  0.000
  527.1   90  1.4200  0.137E-01  0.050  0.104    0.60  0.3526  0.990  0.104  0.852  0.308  1.000  0.924  0.659  0.183  0.026  0.002  0.000  0.000
  399.8   90  1.4200  0.137E-01  0.050  0.104    0.60  0.7229  0.990  0.104  0.890  0.558  1.000  1.675  1.059  0.379  0.091  0.013  0.001  0.000
  329.1   90  1.4200  0.137E-01  0.050  0.104    0.60  1.2489  0.990  0.104  0.913  0.657  1.000  1.971  1.531  0.635  0.209  0.043  0.006  0.001
  229.8   90  1.4200  0.137E-01  0.050  0.104    0.60  2.4520  0.990  0.104  0.932  0.763  1.000  2.289  2.596  2.142  1.214  0.433  0.125  0.026
 7082.2   90  1.2291  0.131E+00  0.050  0.104    0.60  0.0290  0.990  0.104  0.000  0.001  1.000  0.004  0.500  0.001  0.000  0.000  0.000  0.000
  300.0   95  1.4200  0.137E-01  0.050  0.111    0.60  1.7006  0.990  0.111  0.927  0.670  1.000  2.010  1.962  1.092  0.465  0.125  0.024  0.003
  400.0   95  1.4200  0.137E-01  0.050  0.111    0.60  0.8711  0.990  0.111  0.897  0.613  1.000  1.839  1.220  0.453  0.122  0.020  0.002  0.000
  440.0   95  1.4200  0.137E-01  0.050  0.111    0.60  0.6703  0.990  0.111  0.887  0.531  1.000  1.594  0.996  0.351  0.080  0.011  0.001  0.000
  500.0   95  1.4200  0.137E-01  0.050  0.111    0.60  0.4838  0.990  0.111  0.872  0.406  1.000  1.217  0.778  0.248  0.045  0.005  0.000  0.000
  550.0   95  1.4200  0.137E-01  0.050  0.111    0.60  0.3772  0.990  0.111  0.857  0.326  1.000  0.978  0.678  0.195  0.029  0.002  0.000  0.000
  600.0   95  1.4200  0.137E-01  0.050  0.111    0.60  0.2964  0.990  0.111  0.838  0.267  1.000  0.802  0.620  0.158  0.020  0.001  0.000  0.000
  675.0   95  1.4200  0.137E-01  0.050  0.111    0.60  0.2096  0.990  0.111  0.805  0.206  1.000  0.619  0.572  0.121  0.012  0.001  0.000  0.000
  800.0   95  1.4200  0.137E-01  0.050  0.111    0.60  0.1243  0.990  0.111  0.738  0.144  1.000  0.433  0.535  0.085  0.006  0.000  0.000  0.000
  870.0   95  1.4200  0.137E-01  0.050  0.111    0.60  0.0961  0.990  0.111  0.697  0.121  1.000  0.364  0.525  0.071  0.004  0.000  0.000  0.000
 1000.0   95  1.4200  0.137E-01  0.050  0.111    0.60  0.0635  0.990  0.111  0.618  0.092  1.000  0.275  0.514  0.054  0.002  0.000  0.000  0.000
 1020.0   95  1.4200  0.137E-01  0.050  0.111    0.60  0.0600  0.990  0.111  0.606  0.088  1.000  0.264  0.513  0.052  0.002  0.000  0.000  0.000
55555.6   95  1.8123  0.377E+00  0.050  0.111    0.60  0.0073  0.990  0.111  0.000  0.000  1.000  0.000  0.500  0.000  0.000  0.000 -0.000  0.000
23529.4   95  1.7926  0.394E+00  0.050  0.111    0.60  0.0182  0.990  0.111  0.000  0.000  1.000  0.001  0.500  0.000  0.000  0.000  0.000  0.000
17699.1   95  1.9542  0.666E+00  0.050  0.111    0.60  0.0345  0.990  0.111  0.000  0.000  1.000  0.001  0.500  0.000  0.000  0.000  0.000 -0.000
15037.6   95  1.5722  0.269E+00  0.050  0.111    0.60  0.0235  0.990  0.111  0.000  0.000  1.000  0.001  0.500  0.000  0.000  0.000  0.000 -0.000
13157.9   95  1.6818  0.227E+00  0.050  0.111    0.60  0.0208  0.990  0.111  0.000  0.001  1.000  0.002  0.500  0.000  0.000  0.000  0.000  0.000
11111.1   95  1.8154  0.557E+00  0.050  0.111    0.60  0.0528  0.990  0.111  0.000  0.001  1.000  0.003  0.500  0.000  0.000  0.000  0.000  0.000
 9708.7   95  1.8968  0.724E+00  0.050  0.111    0.60  0.0715  0.990  0.111  0.000  0.001  1.000  0.003  0.500  0.001  0.000  0.000  0.000  0.000
 8849.6   95  1.5905  0.805E+00  0.050  0.111    0.60  0.1125  0.990  0.111  0.000  0.001  1.000  0.003  0.500  0.001  0.000  0.000  0.000 -0.000
 7782.1   95  1.0819  0.427E+00  0.050  0.111    0.60  0.1017  0.990  0.111  0.000  0.001  1.000  0.004  0.500  0.001  0.000  0.000  0.000 -0.000
 6968.6   95  1.2648  0.119E+00  0.050  0.111    0.60  0.0280  0.990  0.111  0.000  0.002  1.000  0.005  0.500  0.001  0.000  0.000  0.000  0.000
 6097.6   95  1.4392  0.178E+00  0.050  0.111    0.60  0.0427  0.990  0.111  0.001  0.003  1.000  0.008  0.500  0.001  0.000  0.000  0.000 -0.000
 5154.6   95  1.3947  0.131E+00  0.050  0.111    0.60  0.0386  0.990  0.111  0.001  0.003  1.000  0.010  0.500  0.002  0.000  0.000  0.000  0.000
 4618.9   95  1.4292  0.159E+00  0.050  0.111    0.60  0.0510  0.990  0.111  0.002  0.004  1.000  0.013  0.500  0.003  0.000  0.000  0.000  0.000
 4319.7   95  1.4226  0.148E+00  0.050  0.111    0.60  0.0511  0.990  0.111  0.003  0.005  1.000  0.015  0.500  0.003  0.000  0.000  0.000  0.000
 4016.1   95  1.4213  0.176E+00  0.050  0.111    0.60  0.0655  0.990  0.111  0.003  0.006  1.000  0.017  0.500  0.003  0.000  0.000  0.000  0.000
 3418.8   95  1.3373  0.207E+00  0.050  0.111    0.60  0.0961  0.990  0.111  0.003  0.008  1.000  0.023  0.500  0.005  0.000  0.000  0.000  0.000
 3444.7   95  1.3447  0.208E+00  0.050  0.111    0.60  0.0953  0.990  0.111  0.003  0.007  1.000  0.022  0.500  0.005  0.000  0.000  0.000  0.000
 2777.0   95  1.2968  0.202E-01  0.050  0.111    0.60  0.0122  0.990  0.111  0.030  0.011  1.000  0.034  0.500  0.007  0.000  0.000  0.000  0.000
 2320.2   95  1.3763  0.346E-02  0.050  0.111    0.60  0.0035  0.990  0.111  0.327  0.017  1.000  0.050  0.500  0.010  0.000  0.000  0.000  0.000
 2044.2   95  1.3966  0.455E-02  0.050  0.111    0.60  0.0056  0.990  0.111  0.373  0.022  1.000  0.065  0.501  0.013  0.000  0.000  0.000  0.000
 1778.4   95  1.4098  0.796E-02  0.050  0.111    0.60  0.0109  0.990  0.111  0.352  0.029  1.000  0.087  0.501  0.017  0.000  0.000  0.000  0.000
 1455.2   95  1.4183  0.120E-01  0.050  0.111    0.60  0.0223  0.990  0.111  0.398  0.043  1.000  0.130  0.503  0.026  0.001  0.000  0.000  0.000
 1270.3   95  1.4200  0.137E-01  0.050  0.111    0.60  0.0333  0.990  0.111  0.461  0.057  1.000  0.170  0.506  0.034  0.001  0.000  0.000  0.000
  944.3   95  1.4200  0.137E-01  0.050  0.111    0.60  0.0751  0.990  0.111  0.652  0.103  1.000  0.308  0.518  0.061  0.003  0.000  0.000  0.000
  693.5   95  1.4200  0.137E-01  0.050  0.111    0.60  0.1930  0.990  0.111  0.796  0.195  1.000  0.584  0.564  0.114  0.011  0.001  0.000  0.000
  527.1   95  1.4200  0.137E-01  0.050  0.111    0.60  0.4223  0.990  0.111  0.864  0.359  1.000  1.078  0.717  0.217  0.035  0.003  0.000  0.000
  399.8   95  1.4200  0.137E-01  0.050  0.111    0.60  0.8724  0.990  0.111  0.897  0.613  1.000  1.840  1.221  0.454  0.122  0.020  0.002  0.000
  329.1   95  1.4200  0.137E-01  0.050  0.111    0.60  1.4566  0.990  0.111  0.920  0.658  1.000  1.975  1.693  0.779  0.286  0.066  0.010  0.001
  229.8   95  1.4200  0.137E-01  0.050  0.111    0.60  2.7169  0.990  0.111  0.936  0.773  1.000  2.319  2.718  2.359  1.483  0.621  0.217  0.051
 7082.2   95  1.2291  0.131E+00  0.050  0.111    0.60  0.0311  0.990  0.111  0.000  0.002  1.000  0.005  0.500  0.001  0.000  0.000  0.000 -0.000
  300.0   99  1.4200  0.137E-01  0.050  0.111    0.60  1.7006  0.990  0.111  0.927  0.670  1.000  2.010  1.962  1.092  0.465  0.125  0.024  0.003
  400.0   99  1.4200  0.137E-01  0.050  0.111    0.60  0.8711  0.990  0.111  0.897  0.613  1.000  1.839  1.220  0.453  0.122  0.020  0.002  0.000
  440.0   99  1.4200  0.137E-01  0.050  0.111    0.60  0.6703  0.990  0.111  0.887  0.531  1.000  1.594  0.996  0.351  0.080  0.011  0.001  0.000
  500.0   99  1.4200  0.137E-01  0.050  0.111    0.60  0.4838  0.990  0.111  0.872  0.406  1.000  1.217  0.778  0.248  0.045  0.005  0.000  0.000
  550.0   99  1.4200  0.137E-01  0.050  0.111    0.60  0.3772  0.990  0.111  0.857  0.326  1.000  0.978  0.678  0.195  0.029  0.002  0.000  0.000
  600.0   99  1.4200  0.137E-01  0.050  0.111    0.60  0.2964  0.990  0.111  0.838  0.267  1.000  0.802  0.620  0.158  0.020  0.001  0.000  0.000
  675.0   99  1.4200  0.137E-01  0.050  0.111    0.60  0.2096  0.990  0.111  0.805  0.206  1.000  0.619  0.572  0.121  0.012  0.001  0.000  0.000
  800.0   99  1.4200  0.137E-01  0.050  0.111    0.60  0.1243  0.990  0.111  0.738  0.144  1.000  0.433  0.535  0.085  0.006  0.000  0.000  0.000
  870.0   99  1.4200  0.137E-01  0.050  0.111    0.60  0.0961  0.990  0.111  0.697  0.121  1.000  0.364  0.525  0.071  0.004  0.000  0.000  0.000
 1000.0   99  1.4200  0.137E-01  0.050  0.111    0.60  0.0635  0.990  0.111  0.618  0.092  1.000  0.275  0.514  0.054  0.002  0.000  0.000  0.000
 1020.0   99  1.4200  0.137E-01  0.050  0.111    0.60  0.0600  0.990  0.111  0.606  0.088  1.000  0.264  0.513  0.052  0.002  0.000  0.000  0.000
55555.6   99  1.8123  0.377E+00  0.050  0.111    0.60  0.0073  0.990  0.111  0.000  0.000  1.000  0.000  0.500  0.000  0.000  0.000 -0.000  0.000
23529.4   99  1.7926  0.394E+00  0.050  0.111    0.60  0.0182  0.990  0.111  0.000  0.000  1.000  0.001  0.500  0.000  0.000  0.000  0.000  0.000
17699.1   99  1.9542  0.666E+00  0.050  0.111    0.60  0.0345  0.990  0.111  0.000  0.000  1.000  0.001  0.500  0.000  0.000  0.000  0.000 -0.000
15037.6   99  1.5722  0.269E+00  0.050  0.111    0.60  0.0235  0.990  0.111  0.000  0.000  1.000  0.001  0.500  0.000  0.000  0.000  0.000 -0.000
13157.9   99  1.6818  0.227E+00  0.050  0.111    0.60  0.0208  0.990  0.111  0.000  0.001  1.000  0.002  0.500  0.000  0.000  0.000  0.000  0.000
11111.1   99  1.8154  0.557E+00  0.050  0.111    0.60  0.0528  0.990  0.111  0.000  0.001  1.000  0.003  0.500  0.000  0.000  0.000  0.000  0.000
 9708.7   99  1.8968  0.724E+00  0.050  0.111    0.60  0.0715  0.990  0.111  0.000  0.001  1.000  0.003  0.500  0.001  0.000  0.000  0.000  0.000
 8849.6   99  1.5905  0.805E+00  0.050  0.111    0.60  0.1125  0.990  0.111  0.000  0.001  1.000  0.003  0.500  0.001  0.000  0.000  0.000 -0.000
 7782.1   99  1.0819  0.427E+00  0.050  0.111    0.60  0.1017  0.990  0.111  0.000  0.001  1.000  0.004  0.500  0.001  0.000  0.000  0.000 -0.000
 6968.6   99  1.2648  0.119E+00  0.050  0.111    0.60  0.0280  0.990  0.111  0.000  0.002  1.000  0.005  0.500  0.001  0.000  0.000  0.000  0.000
 6097.6   99  1.4392  0.178E+00  0.050  0.111    0.60  0.0427  0.990  0.111  0.001  0.003  1.000  0.008  0.500  0.001  0.000  0.000  0.000 -0.000
 5154.6   99  1.3947  0.131E+00  0.050  0.111    0.60  0.0386  0.990  0.111  0.001  0.003  1.000  0.010  0.500  0.002  0.000  0.000  0.000  0.000
 4618.9   99  1.4292  0.159E+00  0.050  0.111    0.60  0.0510  0.990  0.111  0.002  0.004  1.000  0.013  0.500  0.003  0.000  0.000  0.000  0.000
 4319.7   99  1.4226  0.148E+00  0.050  0.111    0.60  0.0511  0.990  0.111  0.003  0.005  1.000  0.015  0.500  0.003  0.000  0.000  0.000  0.000
 4016.1   99  1.4213  0.176E+00  0.050  0.111    0.60  0.0655  0.990  0.111  0.003  0.006  1.000  0.017  0.500  0.003  0.000  0.000  0.000  0.000
 3418.8   99  1.3373  0.207E+00  0.050  0.111    0.60  0.0961  0.990  0.111  0.003  0.008  1.000  0.023  0.500  0.005  0.000  0.000  0.000  0.000
 3444.7   99  1.3447  0.208E+00  0.050  0.111    0.60  0.0953  0.990  0.111  0.003  0.007  1.000  0.022  0.500  0.005  0.000  0.000  0.000  0.000
 2777.0   99  1.2968  0.202E-01  0.050  0.111    0.60  0.0122  0.990  0.111  0.030  0.011  1.000  0.034  0.500  0.007  0.000  0.000  0.000  0.000
 2320.2   99  1.3763  0.346E-02  0.050  0.111    0.60  0.0035  0.990  0.111  0.327  0.017  1.000  0.050  0.500  0.010  0.000  0.000  0.000  0.000
 2044.2   99  1.3966  0.455E-02  0.050  0.111    0.60  0.0056  0.990  0.111  0.373  0.022  1.000  0.065  0.501  0.013  0.000  0.000  0.000  0.000
 1778.4   99  1.4098  0.796E-02  0.050  0.111    0.60  0.0109  0.990  0.111  0.352  0.029  1.000  0.087  0.501  0.017  0.000  0.000  0.000  0.000
 1455.2   99  1.4183  0.120E-01  0.050  0.111    0.60  0.0223  0.990  0.111  0.398  0.043  1.000  0.130  0.503  0.026  0.001  0.000  0.000  0.000
 1270.3   99  1.4200  0.137E-01  0.050  0.111    0.60  0.0333  0.990  0.111  0.461  0.057  1.000  0.170  0.506  0.034  0.001  0.000  0.000  0.000
  944.3   99  1.4200  0.137E-01  0.050  0.111    0.60  0.0751  0.990  0.111  0.652  0.103  1.000  0.308  0.518  0.061  0.003  0.000  0.000  0.000
  693.5   99  1.4200  0.137E-01  0.050  0.111    0.60  0.1930  0.990  0.111  0.796  0.195  1.000  0.584  0.564  0.114  0.011  0.001  0.000  0.000
  527.1   99  1.4200  0.137E-01  0.050  0.111    0.60  0.4223  0.990  0.111  0.864  0.359  1.000  1.078  0.717  0.217  0.035  0.003  0.000  0.000
  399.8   99  1.4200  0.137E-01  0.050  0.111    0.60  0.8724  0.990  0.111  0.897  0.613  1.000  1.840  1.221  0.454  0.122  0.020  0.002  0.000
  329.1   99  1.4200  0.137E-01  0.050  0.111    0.60  1.4566  0.990  0.111  0.920  0.658  1.000  1.975  1.693  0.779  0.286  0.066  0.010  0.001
  229.8   99  1.4200  0.137E-01  0.050  0.111    0.60  2.7169  0.990  0.111  0.936  0.773  1.000  2.319  2.718  2.359  1.483  0.621  0.217  0.051
 7082.2   99  1.2291  0.131E+00  0.050  0.111    0.60  0.0311  0.990  0.111  0.000  0.002  1.000  0.005  0.500  0.001  0.000  0.000  0.000 -0.000
