 h2so4 RRTMG LUT interpolated from GADS (DAR 09/2013)
 V0.1 - contains Fast-J wavelengths but is the same as the original jv_spec.dat values
  w(nm)   RH       N         iK  RgDry  RgWet      Sg       Q  Alpha  r-eff ss-alb  g-sym  pi(0)  pi(1)  pi(2)  pi(3)  pi(4)  pi(5)  pi(6)  pi(7)
  300.0    0  1.3326  0.000E+00  0.127  0.127    0.60  1.3788  0.990  0.127  1.000  0.728  1.000  2.185  2.408  1.673  0.833  0.278  0.069  0.012
  400.0    0  1.3326  0.000E+00  0.127  0.127    0.60  0.7202  0.990  0.127  1.000  0.669  1.000  2.006  1.557  0.669  0.220  0.046  0.007  0.001
  440.0    0  1.3326  0.000E+00  0.127  0.127    0.60  0.5436  0.990  0.127  1.000  0.621  1.000  1.863  1.287  0.517  0.149  0.026  0.003  0.000
  500.0    0  1.3326  0.000E+00  0.127  0.127    0.60  0.3841  0.990  0.127  1.000  0.507  1.000  1.520  0.972  0.363  0.085  0.012  0.001  0.000
  550.0    0  1.3326  0.000E+00  0.127  0.127    0.60  0.2995  0.990  0.127  1.000  0.416  1.000  1.247  0.808  0.280  0.055  0.006  0.000  0.000
  600.0    0  1.3326  0.000E+00  0.127  0.127    0.60  0.2361  0.990  0.127  1.000  0.343  1.000  1.029  0.707  0.223  0.037  0.004  0.000  0.000
  675.0    0  1.3326  0.000E+00  0.127  0.127    0.60  0.1662  0.990  0.127  1.000  0.264  1.000  0.793  0.623  0.168  0.022  0.002  0.000  0.000
  800.0    0  1.3326  0.000E+00  0.127  0.127    0.60  0.0946  0.990  0.127  1.000  0.184  1.000  0.551  0.559  0.115  0.011  0.001  0.000  0.000
  870.0    0  1.3326  0.000E+00  0.127  0.127    0.60  0.0702  0.990  0.127  1.000  0.154  1.000  0.463  0.542  0.096  0.008  0.000  0.000  0.000
 1000.0    0  1.3326  0.000E+00  0.127  0.127    0.60  0.0420  0.990  0.127  1.000  0.116  1.000  0.348  0.524  0.072  0.004  0.000  0.000  0.000
 1020.0    0  1.3326  0.000E+00  0.127  0.127    0.60  0.0390  0.990  0.127  1.000  0.111  1.000  0.334  0.522  0.069  0.004  0.000  0.000  0.000
55555.6    0  1.1684  0.258E+00  0.127  0.127    0.60  0.0093  0.990  0.127  0.000  0.000  1.000  0.000  0.500  0.000  0.000  0.000 -0.000 -0.000
23529.4    0  1.1684  0.258E+00  0.127  0.127    0.60  0.0219  0.990  0.127  0.000  0.000  1.000  0.001  0.500  0.000  0.000  0.000 -0.000 -0.000
17699.1    0  1.1684  0.258E+00  0.127  0.127    0.60  0.0291  0.990  0.127  0.000  0.000  1.000  0.001  0.500  0.000  0.000  0.000  0.000 -0.000
15037.6    0  1.1684  0.258E+00  0.127  0.127    0.60  0.0342  0.990  0.127  0.000  0.000  1.000  0.001  0.500  0.000  0.000  0.000  0.000 -0.000
13157.9    0  1.1684  0.258E+00  0.127  0.127    0.60  0.0391  0.990  0.127  0.000  0.001  1.000  0.002  0.500  0.000  0.000  0.000  0.000 -0.000
11111.1    0  1.1796  0.164E+00  0.127  0.127    0.60  0.0290  0.990  0.127  0.000  0.001  1.000  0.003  0.500  0.001  0.000  0.000  0.000 -0.000
 9708.7    0  1.3159  0.103E+00  0.127  0.127    0.60  0.0192  0.990  0.127  0.000  0.001  1.000  0.004  0.500  0.001  0.000  0.000  0.000  0.000
 8849.6    0  1.2787  0.149E+00  0.127  0.127    0.60  0.0313  0.990  0.127  0.000  0.001  1.000  0.004  0.500  0.001  0.000  0.000  0.000  0.000
 7782.1    0  1.2991  0.655E-01  0.127  0.127    0.60  0.0155  0.990  0.127  0.001  0.002  1.000  0.006  0.500  0.001  0.000  0.000  0.000  0.000
 6968.6    0  1.3311  0.555E-01  0.127  0.127    0.60  0.0144  0.990  0.127  0.001  0.002  1.000  0.007  0.500  0.002  0.000  0.000  0.000  0.000
 6097.6    0  1.3533  0.119E+00  0.127  0.127    0.60  0.0349  0.990  0.127  0.001  0.003  1.000  0.009  0.500  0.002  0.000  0.000  0.000  0.000
 5154.6    0  1.3366  0.293E-01  0.127  0.127    0.60  0.0103  0.990  0.127  0.006  0.004  1.000  0.013  0.500  0.003  0.000  0.000  0.000  0.000
 4618.9    0  1.3577  0.343E-01  0.127  0.127    0.60  0.0134  0.990  0.127  0.009  0.006  1.000  0.017  0.500  0.003  0.000  0.000  0.000  0.000
 4319.7    0  1.3621  0.267E-01  0.127  0.127    0.60  0.0111  0.990  0.127  0.014  0.006  1.000  0.019  0.500  0.004  0.000  0.000  0.000  0.000
 4016.1    0  1.3799  0.213E-01  0.127  0.127    0.60  0.0096  0.990  0.127  0.023  0.007  1.000  0.022  0.500  0.005  0.000  0.000  0.000  0.000
 3418.8    0  1.4670  0.487E-01  0.127  0.127    0.60  0.0245  0.990  0.127  0.025  0.011  1.000  0.032  0.500  0.006  0.000  0.000  0.000  0.000
 3444.7    0  1.4602  0.438E-01  0.127  0.127    0.60  0.0220  0.990  0.127  0.027  0.010  1.000  0.031  0.500  0.006  0.000  0.000  0.000  0.000
 2777.0    0  1.1248  0.530E-01  0.127  0.127    0.60  0.0391  0.990  0.127  0.004  0.014  1.000  0.042  0.500  0.010  0.000  0.000  0.000  0.000
 2320.2    0  1.2971  0.000E+00  0.127  0.127    0.60  0.0013  0.990  0.127  1.000  0.021  1.000  0.064  0.501  0.014  0.000  0.000  0.000  0.000
 2044.2    0  1.3176  0.000E+00  0.127  0.127    0.60  0.0024  0.990  0.127  1.000  0.028  1.000  0.083  0.501  0.017  0.000  0.000  0.000  0.000
 1778.4    0  1.3291  0.000E+00  0.127  0.127    0.60  0.0044  0.990  0.127  1.000  0.037  1.000  0.110  0.502  0.023  0.000  0.000  0.000  0.000
 1455.2    0  1.3326  0.000E+00  0.127  0.127    0.60  0.0099  0.990  0.127  1.000  0.055  1.000  0.164  0.505  0.034  0.001  0.000  0.000  0.000
 1270.3    0  1.3326  0.000E+00  0.127  0.127    0.60  0.0168  0.990  0.127  1.000  0.072  1.000  0.215  0.509  0.045  0.002  0.000  0.000  0.000
  944.3    0  1.3326  0.000E+00  0.127  0.127    0.60  0.0520  0.990  0.127  1.000  0.130  1.000  0.391  0.530  0.081  0.005  0.000  0.000  0.000
  693.5    0  1.3326  0.000E+00  0.127  0.127    0.60  0.1526  0.990  0.127  1.000  0.249  1.000  0.748  0.609  0.158  0.019  0.001  0.000  0.000
  527.1    0  1.3326  0.000E+00  0.127  0.127    0.60  0.3348  0.990  0.127  1.000  0.455  1.000  1.366  0.873  0.314  0.066  0.008  0.001  0.000
  399.8    0  1.3326  0.000E+00  0.127  0.127    0.60  0.7213  0.990  0.127  1.000  0.669  1.000  2.007  1.558  0.670  0.220  0.047  0.007  0.001
  329.1    0  1.3326  0.000E+00  0.127  0.127    0.60  1.1649  0.990  0.127  1.000  0.693  1.000  2.079  2.105  1.206  0.522  0.153  0.032  0.005
  229.8    0  1.3326  0.000E+00  0.127  0.127    0.60  2.2774  0.990  0.127  1.000  0.803  1.000  2.408  3.058  2.838  2.161  1.208  0.537  0.164
 7082.2    0  1.3270  0.562E-01  0.127  0.127    0.60  0.0143  0.990  0.127  0.001  0.002  1.000  0.007  0.500  0.001  0.000  0.000  0.000 -0.000
  300.0   50  1.3797  0.114E-01  0.127  0.190    0.60  3.3020  0.990  0.190  0.944  0.820  1.000  2.459  3.251  3.397  3.006  2.313  1.365  0.560
  400.0   50  1.3797  0.114E-01  0.127  0.190    0.60  2.2698  0.990  0.190  0.938  0.780  1.000  2.341  2.721  2.332  1.420  0.567  0.184  0.042
  440.0   50  1.3797  0.114E-01  0.127  0.190    0.60  1.8759  0.990  0.190  0.934  0.746  1.000  2.239  2.501  1.892  0.996  0.337  0.088  0.016
  500.0   50  1.3797  0.114E-01  0.127  0.190    0.60  1.4942  0.990  0.190  0.931  0.686  1.000  2.057  2.069  1.195  0.521  0.148  0.030  0.004
  550.0   50  1.3797  0.114E-01  0.127  0.190    0.60  1.2593  0.990  0.190  0.924  0.671  1.000  2.014  1.785  0.855  0.322  0.079  0.013  0.002
  600.0   50  1.3797  0.114E-01  0.127  0.190    0.60  1.0213  0.990  0.190  0.914  0.665  1.000  1.996  1.560  0.661  0.218  0.046  0.006  0.001
  675.0   50  1.3797  0.114E-01  0.127  0.190    0.60  0.7337  0.990  0.190  0.900  0.616  1.000  1.849  1.249  0.482  0.134  0.023  0.003  0.000
  800.0   50  1.3797  0.114E-01  0.127  0.190    0.60  0.4716  0.990  0.190  0.882  0.460  1.000  1.381  0.871  0.303  0.063  0.008  0.001  0.000
  870.0   50  1.3797  0.114E-01  0.127  0.190    0.60  0.3822  0.990  0.190  0.871  0.383  1.000  1.148  0.752  0.242  0.042  0.004  0.000  0.000
 1000.0   50  1.3797  0.114E-01  0.127  0.190    0.60  0.2637  0.990  0.190  0.844  0.279  1.000  0.838  0.634  0.171  0.023  0.002  0.000  0.000
 1020.0   50  1.3797  0.114E-01  0.127  0.190    0.60  0.2494  0.990  0.190  0.839  0.267  1.000  0.802  0.623  0.163  0.021  0.002  0.000  0.000
55555.6   50  1.7343  0.386E+00  0.127  0.190    0.60  0.0136  0.990  0.190  0.000  0.000  1.000  0.000  0.500  0.000  0.000  0.000  0.000  0.000
23529.4   50  1.7349  0.395E+00  0.127  0.190    0.60  0.0329  0.990  0.190  0.000  0.001  1.000  0.002  0.500  0.000  0.000  0.000  0.000  0.000
17699.1   50  1.7588  0.446E+00  0.127  0.190    0.60  0.0484  0.990  0.190  0.000  0.001  1.000  0.003  0.500  0.001  0.000  0.000  0.000 -0.000
15037.6   50  1.5027  0.362E+00  0.127  0.190    0.60  0.0572  0.990  0.190  0.000  0.001  1.000  0.004  0.500  0.001  0.000  0.000  0.000 -0.000
13157.9   50  1.5337  0.292E+00  0.127  0.190    0.60  0.0517  0.990  0.190  0.000  0.002  1.000  0.005  0.500  0.001  0.000  0.000  0.000  0.000
11111.1   50  1.5882  0.344E+00  0.127  0.190    0.60  0.0692  0.990  0.190  0.001  0.002  1.000  0.007  0.500  0.001  0.000  0.000  0.000  0.000
 9708.7   50  1.6413  0.508E+00  0.127  0.190    0.60  0.1112  0.990  0.190  0.001  0.003  1.000  0.009  0.500  0.002  0.000  0.000  0.000  0.000
 8849.6   50  1.4307  0.516E+00  0.127  0.190    0.60  0.1468  0.990  0.190  0.001  0.003  1.000  0.010  0.500  0.002  0.000  0.000  0.000  0.000
 7782.1   50  1.2466  0.243E+00  0.127  0.190    0.60  0.0896  0.990  0.190  0.001  0.004  1.000  0.012  0.500  0.003  0.000  0.000  0.000  0.000
 6968.6   50  1.3269  0.172E+00  0.127  0.190    0.60  0.0676  0.990  0.190  0.002  0.005  1.000  0.016  0.500  0.003  0.000  0.000  0.000  0.000
 6097.6   50  1.4180  0.218E+00  0.127  0.190    0.60  0.0922  0.990  0.190  0.003  0.007  1.000  0.022  0.500  0.004  0.000  0.000  0.000  0.000
 5154.6   50  1.3078  0.147E+00  0.127  0.190    0.60  0.0796  0.990  0.190  0.004  0.010  1.000  0.029  0.500  0.006  0.000  0.000  0.000  0.000
 4618.9   50  1.3434  0.122E+00  0.127  0.190    0.60  0.0727  0.990  0.190  0.008  0.012  1.000  0.037  0.500  0.008  0.000  0.000  0.000  0.000
 4319.7   50  1.3490  0.116E+00  0.127  0.190    0.60  0.0742  0.990  0.190  0.011  0.014  1.000  0.042  0.500  0.009  0.000  0.000  0.000  0.000
 4016.1   50  1.3559  0.107E+00  0.127  0.190    0.60  0.0738  0.990  0.190  0.015  0.016  1.000  0.049  0.500  0.010  0.000  0.000  0.000  0.000
 3418.8   50  1.3709  0.124E+00  0.127  0.190    0.60  0.1014  0.990  0.190  0.022  0.023  1.000  0.068  0.501  0.014  0.000  0.000  0.000  0.000
 3444.7   50  1.3700  0.120E+00  0.127  0.190    0.60  0.0977  0.990  0.190  0.022  0.022  1.000  0.067  0.501  0.014  0.000  0.000  0.000  0.000
 2777.0   50  1.1943  0.474E-01  0.127  0.190    0.60  0.0531  0.990  0.190  0.027  0.032  1.000  0.096  0.502  0.022  0.000  0.000  0.000  0.000
 2320.2   50  1.3325  0.980E-03  0.127  0.190    0.60  0.0090  0.990  0.190  0.862  0.048  1.000  0.145  0.504  0.030  0.001  0.000  0.000  0.000
 2044.2   50  1.3546  0.233E-02  0.127  0.190    0.60  0.0178  0.990  0.190  0.809  0.063  1.000  0.188  0.507  0.039  0.001  0.000  0.000  0.000
 1778.4   50  1.3679  0.541E-02  0.127  0.190    0.60  0.0359  0.990  0.190  0.741  0.083  1.000  0.250  0.512  0.051  0.002  0.000  0.000  0.000
 1455.2   50  1.3775  0.919E-02  0.127  0.190    0.60  0.0804  0.990  0.190  0.747  0.126  1.000  0.377  0.527  0.076  0.005  0.000  0.000  0.000
 1270.3   50  1.3797  0.114E-01  0.127  0.190    0.60  0.1300  0.990  0.190  0.769  0.167  1.000  0.500  0.548  0.101  0.008  0.000  0.000  0.000
  944.3   50  1.3797  0.114E-01  0.127  0.190    0.60  0.3086  0.990  0.190  0.856  0.318  1.000  0.953  0.673  0.197  0.029  0.003  0.000  0.000
  693.5   50  1.3797  0.114E-01  0.127  0.190    0.60  0.6810  0.990  0.190  0.897  0.596  1.000  1.788  1.179  0.448  0.119  0.019  0.002  0.000
  527.1   50  1.3797  0.114E-01  0.127  0.190    0.60  1.3672  0.990  0.190  0.927  0.675  1.000  2.024  1.904  0.986  0.396  0.104  0.019  0.002
  399.8   50  1.3797  0.114E-01  0.127  0.190    0.60  2.2717  0.990  0.190  0.938  0.780  1.000  2.341  2.722  2.334  1.422  0.569  0.184  0.042
  329.1   50  1.3797  0.114E-01  0.127  0.190    0.60  2.9515  0.990  0.190  0.942  0.804  1.000  2.412  3.150  3.067  2.554  1.712  0.865  0.280
  229.8   50  1.3797  0.114E-01  0.127  0.190    0.60  3.8300  0.990  0.190  0.936  0.833  1.000  2.499  3.508  3.955  4.026  3.872  3.376  2.743
 7082.2   50  1.3166  0.180E+00  0.127  0.190    0.60  0.0697  0.990  0.190  0.002  0.005  1.000  0.015  0.500  0.003  0.000  0.000  0.000  0.000
  300.0   70  1.4179  0.173E-01  0.127  0.212    0.60  3.8464  0.990  0.212  0.914  0.816  1.000  2.449  3.363  3.607  3.546  3.104  2.413  1.596
  400.0   70  1.4179  0.173E-01  0.127  0.212    0.60  2.9570  0.990  0.212  0.920  0.781  1.000  2.342  2.943  2.699  2.022  1.138  0.506  0.141
  440.0   70  1.4179  0.173E-01  0.127  0.212    0.60  2.6882  0.990  0.212  0.919  0.775  1.000  2.326  2.727  2.370  1.492  0.628  0.220  0.052
  500.0   70  1.4179  0.173E-01  0.127  0.212    0.60  2.1515  0.990  0.212  0.912  0.740  1.000  2.220  2.455  1.855  0.964  0.313  0.079  0.014
  550.0   70  1.4179  0.173E-01  0.127  0.212    0.60  1.8092  0.990  0.212  0.910  0.689  1.000  2.066  2.123  1.308  0.595  0.171  0.035  0.005
  600.0   70  1.4179  0.173E-01  0.127  0.212    0.60  1.5847  0.990  0.212  0.905  0.664  1.000  1.991  1.833  0.931  0.370  0.093  0.016  0.002
  675.0   70  1.4179  0.173E-01  0.127  0.212    0.60  1.2446  0.990  0.212  0.891  0.658  1.000  1.975  1.531  0.638  0.210  0.043  0.006  0.001
  800.0   70  1.4179  0.173E-01  0.127  0.212    0.60  0.7790  0.990  0.212  0.866  0.579  1.000  1.738  1.113  0.405  0.102  0.015  0.001  0.000
  870.0   70  1.4179  0.173E-01  0.127  0.212    0.60  0.6262  0.990  0.212  0.856  0.499  1.000  1.498  0.931  0.322  0.070  0.009  0.001  0.000
 1000.0   70  1.4179  0.173E-01  0.127  0.212    0.60  0.4420  0.990  0.212  0.835  0.367  1.000  1.102  0.727  0.222  0.037  0.004  0.000  0.000
 1020.0   70  1.4179  0.173E-01  0.127  0.212    0.60  0.4201  0.990  0.212  0.831  0.351  1.000  1.053  0.707  0.211  0.033  0.003  0.000  0.000
55555.6   70  1.8355  0.478E+00  0.127  0.212    0.60  0.0172  0.990  0.212  0.000  0.000  1.000  0.000  0.500  0.000  0.000  0.000  0.000 -0.000
23529.4   70  1.8130  0.494E+00  0.127  0.212    0.60  0.0427  0.990  0.212  0.000  0.001  1.000  0.002  0.500  0.000  0.000  0.000  0.000  0.000
17699.1   70  1.9871  0.642E+00  0.127  0.212    0.60  0.0625  0.990  0.212  0.000  0.001  1.000  0.004  0.500  0.001  0.000  0.000  0.000  0.000
15037.6   70  1.5717  0.318E+00  0.127  0.212    0.60  0.0533  0.990  0.212  0.000  0.002  1.000  0.005  0.500  0.001  0.000  0.000  0.000  0.000
13157.9   70  1.6893  0.278E+00  0.127  0.212    0.60  0.0486  0.990  0.212  0.001  0.002  1.000  0.007  0.500  0.001  0.000  0.000  0.000 -0.000
11111.1   70  1.7564  0.559E+00  0.127  0.212    0.60  0.1078  0.990  0.212  0.001  0.003  1.000  0.009  0.500  0.002  0.000  0.000  0.000  0.000
 9708.7   70  1.8590  0.755E+00  0.127  0.212    0.60  0.1490  0.990  0.212  0.002  0.004  1.000  0.012  0.500  0.002  0.000  0.000  0.000  0.000
 8849.6   70  1.6034  0.777E+00  0.127  0.212    0.60  0.2096  0.990  0.212  0.002  0.004  1.000  0.013  0.500  0.002  0.000  0.000  0.000  0.000
 7782.1   70  1.1347  0.407E+00  0.127  0.212    0.60  0.1800  0.990  0.212  0.001  0.005  1.000  0.014  0.500  0.003  0.000  0.000  0.000  0.000
 6968.6   70  1.2809  0.172E+00  0.127  0.212    0.60  0.0777  0.990  0.212  0.002  0.007  1.000  0.020  0.500  0.004  0.000  0.000  0.000  0.000
 6097.6   70  1.4549  0.217E+00  0.127  0.212    0.60  0.1008  0.990  0.212  0.006  0.009  1.000  0.028  0.500  0.005  0.000  0.000  0.000  0.000
 5154.6   70  1.3515  0.151E+00  0.127  0.212    0.60  0.0894  0.990  0.212  0.007  0.012  1.000  0.037  0.500  0.008  0.000  0.000  0.000  0.000
 4618.9   70  1.4025  0.150E+00  0.127  0.212    0.60  0.0975  0.990  0.212  0.013  0.016  1.000  0.047  0.500  0.009  0.000  0.000  0.000  0.000
 4319.7   70  1.4035  0.143E+00  0.127  0.212    0.60  0.0999  0.990  0.212  0.016  0.018  1.000  0.054  0.501  0.011  0.000  0.000  0.000  0.000
 4016.1   70  1.4100  0.161E+00  0.127  0.212    0.60  0.1214  0.990  0.212  0.019  0.021  1.000  0.062  0.501  0.012  0.000  0.000  0.000  0.000
 3418.8   70  1.3584  0.195E+00  0.127  0.212    0.60  0.1806  0.990  0.212  0.021  0.028  1.000  0.084  0.501  0.017  0.000  0.000  0.000  0.000
 3444.7   70  1.3646  0.194E+00  0.127  0.212    0.60  0.1779  0.990  0.212  0.021  0.028  1.000  0.083  0.501  0.017  0.000  0.000  0.000  0.000
 2777.0   70  1.2728  0.350E-01  0.127  0.212    0.60  0.0459  0.990  0.212  0.089  0.041  1.000  0.123  0.503  0.027  0.001  0.000  0.000  0.000
 2320.2   70  1.3750  0.847E-02  0.127  0.212    0.60  0.0269  0.990  0.212  0.555  0.061  1.000  0.184  0.507  0.037  0.001  0.000  0.000  0.000
 2044.2   70  1.3969  0.106E-01  0.127  0.212    0.60  0.0448  0.990  0.212  0.610  0.080  1.000  0.239  0.511  0.048  0.002  0.000  0.000  0.000
 1778.4   70  1.4077  0.133E-01  0.127  0.212    0.60  0.0752  0.990  0.212  0.655  0.106  1.000  0.317  0.519  0.063  0.003  0.000  0.000  0.000
 1455.2   70  1.4162  0.160E-01  0.127  0.212    0.60  0.1496  0.990  0.212  0.727  0.160  1.000  0.481  0.544  0.094  0.007  0.000  0.000  0.000
 1270.3   70  1.4179  0.173E-01  0.127  0.212    0.60  0.2295  0.990  0.212  0.770  0.214  1.000  0.643  0.578  0.126  0.013  0.001  0.000  0.000
  944.3   70  1.4179  0.173E-01  0.127  0.212    0.60  0.5105  0.990  0.212  0.844  0.419  1.000  1.256  0.796  0.258  0.048  0.005  0.000  0.000
  693.5   70  1.4179  0.173E-01  0.127  0.212    0.60  1.1600  0.990  0.212  0.886  0.655  1.000  1.965  1.466  0.592  0.186  0.037  0.005  0.000
  527.1   70  1.4179  0.173E-01  0.127  0.212    0.60  1.9423  0.990  0.212  0.911  0.710  1.000  2.131  2.279  1.547  0.747  0.227  0.051  0.008
  399.8   70  1.4179  0.173E-01  0.127  0.212    0.60  2.9587  0.990  0.212  0.920  0.781  1.000  2.342  2.945  2.701  2.026  1.142  0.509  0.142
  329.1   70  1.4179  0.173E-01  0.127  0.212    0.60  3.5860  0.990  0.212  0.920  0.812  1.000  2.436  3.224  3.402  3.064  2.428  1.516  0.702
  229.8   70  1.4179  0.173E-01  0.127  0.212    0.60  3.5474  0.990  0.212  0.888  0.794  1.000  2.382  3.338  3.726  3.958  3.996  3.849  3.663
 7082.2   70  1.2553  0.183E+00  0.127  0.212    0.60  0.0824  0.990  0.212  0.002  0.006  1.000  0.019  0.500  0.004  0.000  0.000  0.000  0.000
  300.0   80  1.4200  0.137E-01  0.127  0.228    0.60  3.9020  0.990  0.228  0.931  0.809  1.000  2.427  3.343  3.676  3.692  3.444  2.842  2.118
  400.0   80  1.4200  0.137E-01  0.127  0.228    0.60  3.3092  0.990  0.228  0.936  0.792  1.000  2.375  3.089  3.012  2.517  1.721  0.870  0.267
  440.0   80  1.4200  0.137E-01  0.127  0.228    0.60  2.9142  0.990  0.228  0.937  0.775  1.000  2.326  2.874  2.588  1.855  0.970  0.412  0.111
  500.0   80  1.4200  0.137E-01  0.127  0.228    0.60  2.5060  0.990  0.228  0.933  0.766  1.000  2.298  2.618  2.187  1.261  0.460  0.138  0.029
  550.0   80  1.4200  0.137E-01  0.127  0.228    0.60  2.0648  0.990  0.228  0.929  0.725  1.000  2.176  2.376  1.718  0.866  0.271  0.065  0.011
  600.0   80  1.4200  0.137E-01  0.127  0.228    0.60  1.7751  0.990  0.228  0.928  0.680  1.000  2.040  2.061  1.226  0.546  0.153  0.031  0.004
  675.0   80  1.4200  0.137E-01  0.127  0.228    0.60  1.4666  0.990  0.228  0.921  0.658  1.000  1.975  1.702  0.788  0.291  0.068  0.011  0.001
  800.0   80  1.4200  0.137E-01  0.127  0.228    0.60  0.9464  0.990  0.228  0.900  0.630  1.000  1.890  1.291  0.488  0.138  0.024  0.003  0.000
  870.0   80  1.4200  0.137E-01  0.127  0.228    0.60  0.7463  0.990  0.228  0.891  0.569  1.000  1.707  1.086  0.391  0.096  0.014  0.001  0.000
 1000.0   80  1.4200  0.137E-01  0.127  0.228    0.60  0.5203  0.990  0.228  0.876  0.433  1.000  1.298  0.817  0.268  0.051  0.006  0.000  0.000
 1020.0   80  1.4200  0.137E-01  0.127  0.228    0.60  0.4948  0.990  0.228  0.873  0.414  1.000  1.242  0.789  0.254  0.047  0.005  0.000  0.000
55555.6   80  1.8123  0.377E+00  0.127  0.228    0.60  0.0149  0.990  0.228  0.000  0.000  1.000  0.000  0.500  0.000  0.000  0.000  0.000 -0.000
23529.4   80  1.7926  0.394E+00  0.127  0.228    0.60  0.0376  0.990  0.228  0.000  0.001  1.000  0.002  0.500  0.000  0.000  0.000  0.000 -0.000
17699.1   80  1.9542  0.666E+00  0.127  0.228    0.60  0.0715  0.990  0.228  0.001  0.002  1.000  0.005  0.500  0.001  0.000  0.000  0.000  0.000
15037.6   80  1.5722  0.269E+00  0.127  0.228    0.60  0.0485  0.990  0.228  0.001  0.002  1.000  0.006  0.500  0.001  0.000  0.000  0.000  0.000
13157.9   80  1.6818  0.227E+00  0.127  0.228    0.60  0.0431  0.990  0.228  0.001  0.003  1.000  0.008  0.500  0.001  0.000  0.000  0.000  0.000
11111.1   80  1.8154  0.557E+00  0.127  0.228    0.60  0.1102  0.990  0.228  0.002  0.004  1.000  0.011  0.500  0.002  0.000  0.000  0.000  0.000
 9708.7   80  1.8968  0.724E+00  0.127  0.228    0.60  0.1502  0.990  0.228  0.003  0.005  1.000  0.015  0.500  0.002  0.000  0.000  0.000  0.000
 8849.6   80  1.5905  0.805E+00  0.127  0.228    0.60  0.2357  0.990  0.228  0.003  0.005  1.000  0.014  0.500  0.003  0.000  0.000  0.000  0.000
 7782.1   80  1.0819  0.427E+00  0.127  0.228    0.60  0.2098  0.990  0.228  0.001  0.005  1.000  0.016  0.500  0.004  0.000  0.000  0.000  0.000
 6968.6   80  1.2648  0.119E+00  0.127  0.228    0.60  0.0583  0.990  0.228  0.003  0.008  1.000  0.023  0.500  0.005  0.000  0.000  0.000  0.000
 6097.6   80  1.4392  0.178E+00  0.127  0.228    0.60  0.0902  0.990  0.228  0.007  0.011  1.000  0.032  0.500  0.006  0.000  0.000  0.000  0.000
 5154.6   80  1.3947  0.131E+00  0.127  0.228    0.60  0.0822  0.990  0.228  0.012  0.015  1.000  0.044  0.500  0.009  0.000  0.000  0.000  0.000
 4618.9   80  1.4292  0.159E+00  0.127  0.228    0.60  0.1100  0.990  0.228  0.017  0.018  1.000  0.055  0.501  0.011  0.000  0.000  0.000  0.000
 4319.7   80  1.4226  0.148E+00  0.127  0.228    0.60  0.1109  0.990  0.228  0.021  0.021  1.000  0.063  0.501  0.012  0.000  0.000  0.000  0.000
 4016.1   80  1.4213  0.176E+00  0.127  0.228    0.60  0.1432  0.990  0.228  0.023  0.024  1.000  0.072  0.501  0.014  0.000  0.000  0.000  0.000
 3418.8   80  1.3373  0.207E+00  0.127  0.228    0.60  0.2098  0.990  0.228  0.023  0.032  1.000  0.096  0.502  0.020  0.000  0.000  0.000  0.000
 3444.7   80  1.3447  0.208E+00  0.127  0.228    0.60  0.2082  0.990  0.228  0.023  0.032  1.000  0.095  0.502  0.020  0.000  0.000  0.000  0.000
 2777.0   80  1.2968  0.202E-01  0.127  0.228    0.60  0.0322  0.990  0.228  0.196  0.048  1.000  0.144  0.504  0.031  0.001  0.000  0.000  0.000
 2320.2   80  1.3763  0.346E-02  0.127  0.228    0.60  0.0253  0.990  0.228  0.789  0.071  1.000  0.212  0.509  0.043  0.002  0.000  0.000  0.000
 2044.2   80  1.3966  0.455E-02  0.127  0.228    0.60  0.0444  0.990  0.228  0.815  0.092  1.000  0.276  0.515  0.055  0.003  0.000  0.000  0.000
 1778.4   80  1.4098  0.796E-02  0.127  0.228    0.60  0.0828  0.990  0.228  0.793  0.122  1.000  0.367  0.526  0.072  0.004  0.000  0.000  0.000
 1455.2   80  1.4183  0.120E-01  0.127  0.228    0.60  0.1763  0.990  0.228  0.809  0.187  1.000  0.560  0.559  0.110  0.010  0.001  0.000  0.000
 1270.3   80  1.4200  0.137E-01  0.127  0.228    0.60  0.2733  0.990  0.228  0.831  0.251  1.000  0.753  0.606  0.148  0.017  0.001  0.000  0.000
  944.3   80  1.4200  0.137E-01  0.127  0.228    0.60  0.6016  0.990  0.228  0.882  0.489  1.000  1.468  0.913  0.313  0.066  0.008  0.001  0.000
  693.5   80  1.4200  0.137E-01  0.127  0.228    0.60  1.3867  0.990  0.228  0.918  0.658  1.000  1.975  1.635  0.723  0.255  0.057  0.009  0.001
  527.1   80  1.4200  0.137E-01  0.127  0.228    0.60  2.2562  0.990  0.228  0.930  0.748  1.000  2.243  2.503  1.956  1.046  0.348  0.091  0.017
  399.8   80  1.4200  0.137E-01  0.127  0.228    0.60  3.3117  0.990  0.228  0.936  0.792  1.000  2.375  3.090  3.014  2.520  1.725  0.873  0.268
  329.1   80  1.4200  0.137E-01  0.127  0.228    0.60  3.8249  0.990  0.228  0.931  0.811  1.000  2.434  3.325  3.537  3.417  2.925  2.195  1.375
  229.8   80  1.4200  0.137E-01  0.127  0.228    0.60  3.4533  0.990  0.228  0.894  0.787  1.000  2.361  3.289  3.634  3.899  4.036  4.018  4.015
 7082.2   80  1.2291  0.131E+00  0.127  0.228    0.60  0.0645  0.990  0.228  0.002  0.007  1.000  0.021  0.500  0.005  0.000  0.000  0.000  0.000
  300.0   90  1.4200  0.137E-01  0.127  0.261    0.60  3.8506  0.990  0.261  0.917  0.807  1.000  2.422  3.380  3.762  3.987  3.926  3.725  3.351
  400.0   90  1.4200  0.137E-01  0.127  0.261    0.60  3.6457  0.990  0.261  0.936  0.809  1.000  2.428  3.227  3.407  3.096  2.477  1.592  0.777
  440.0   90  1.4200  0.137E-01  0.127  0.261    0.60  3.4838  0.990  0.261  0.936  0.800  1.000  2.399  3.132  3.165  2.724  1.992  1.065  0.356
  500.0   90  1.4200  0.137E-01  0.127  0.261    0.60  2.9350  0.990  0.261  0.937  0.776  1.000  2.328  2.892  2.616  1.901  1.017  0.439  0.119
  550.0   90  1.4200  0.137E-01  0.127  0.261    0.60  2.6643  0.990  0.261  0.935  0.772  1.000  2.316  2.689  2.314  1.417  0.568  0.190  0.043
  600.0   90  1.4200  0.137E-01  0.127  0.261    0.60  2.2821  0.990  0.261  0.931  0.750  1.000  2.251  2.517  1.983  1.068  0.358  0.095  0.018
  675.0   90  1.4200  0.137E-01  0.127  0.261    0.60  1.8229  0.990  0.261  0.928  0.687  1.000  2.062  2.124  1.314  0.600  0.172  0.036  0.005
  800.0   90  1.4200  0.137E-01  0.127  0.261    0.60  1.3624  0.990  0.261  0.917  0.658  1.000  1.975  1.616  0.705  0.246  0.054  0.008  0.001
  870.0   90  1.4200  0.137E-01  0.127  0.261    0.60  1.0966  0.990  0.261  0.906  0.650  1.000  1.949  1.417  0.558  0.170  0.032  0.004  0.000
 1000.0   90  1.4200  0.137E-01  0.127  0.261    0.60  0.7376  0.990  0.261  0.890  0.565  1.000  1.696  1.076  0.387  0.094  0.014  0.001  0.000
 1020.0   90  1.4200  0.137E-01  0.127  0.261    0.60  0.6993  0.990  0.261  0.888  0.547  1.000  1.640  1.031  0.366  0.086  0.012  0.001  0.000
55555.6   90  1.8123  0.377E+00  0.127  0.261    0.60  0.0171  0.990  0.261  0.000  0.000  1.000  0.001  0.500  0.000  0.000  0.000 -0.000  0.000
23529.4   90  1.7926  0.394E+00  0.127  0.261    0.60  0.0431  0.990  0.261  0.000  0.001  1.000  0.003  0.500  0.001  0.000  0.000  0.000 -0.000
17699.1   90  1.9542  0.666E+00  0.127  0.261    0.60  0.0821  0.990  0.261  0.001  0.002  1.000  0.006  0.500  0.001  0.000  0.000  0.000  0.000
15037.6   90  1.5722  0.269E+00  0.127  0.261    0.60  0.0556  0.990  0.261  0.001  0.002  1.000  0.007  0.500  0.001  0.000  0.000  0.000  0.000
13157.9   90  1.6818  0.227E+00  0.127  0.261    0.60  0.0495  0.990  0.261  0.002  0.003  1.000  0.010  0.500  0.002  0.000  0.000  0.000  0.000
11111.1   90  1.8154  0.557E+00  0.127  0.261    0.60  0.1269  0.990  0.261  0.003  0.005  1.000  0.014  0.500  0.002  0.000  0.000  0.000  0.000
 9708.7   90  1.8968  0.724E+00  0.127  0.261    0.60  0.1734  0.990  0.261  0.005  0.006  1.000  0.019  0.500  0.003  0.000  0.000  0.000  0.000
 8849.6   90  1.5905  0.805E+00  0.127  0.261    0.60  0.2716  0.990  0.261  0.004  0.006  1.000  0.019  0.500  0.004  0.000  0.000  0.000  0.000
 7782.1   90  1.0819  0.427E+00  0.127  0.261    0.60  0.2403  0.990  0.261  0.002  0.007  1.000  0.021  0.500  0.005  0.000  0.000  0.000  0.000
 6968.6   90  1.2648  0.119E+00  0.127  0.261    0.60  0.0670  0.990  0.261  0.004  0.010  1.000  0.030  0.500  0.006  0.000  0.000  0.000  0.000
 6097.6   90  1.4392  0.178E+00  0.127  0.261    0.60  0.1043  0.990  0.261  0.011  0.014  1.000  0.042  0.500  0.008  0.000  0.000  0.000  0.000
 5154.6   90  1.3947  0.131E+00  0.127  0.261    0.60  0.0955  0.990  0.261  0.018  0.019  1.000  0.057  0.501  0.012  0.000  0.000  0.000  0.000
 4618.9   90  1.4292  0.159E+00  0.127  0.261    0.60  0.1284  0.990  0.261  0.025  0.024  1.000  0.072  0.501  0.014  0.000  0.000  0.000  0.000
 4319.7   90  1.4226  0.148E+00  0.127  0.261    0.60  0.1299  0.990  0.261  0.031  0.027  1.000  0.082  0.501  0.016  0.000  0.000  0.000  0.000
 4016.1   90  1.4213  0.176E+00  0.127  0.261    0.60  0.1680  0.990  0.261  0.033  0.032  1.000  0.095  0.502  0.019  0.000  0.000  0.000  0.000
 3418.8   90  1.3373  0.207E+00  0.127  0.261    0.60  0.2457  0.990  0.261  0.033  0.042  1.000  0.126  0.503  0.026  0.001  0.000  0.000  0.000
 3444.7   90  1.3447  0.208E+00  0.127  0.261    0.60  0.2440  0.990  0.261  0.034  0.042  1.000  0.125  0.503  0.026  0.001  0.000  0.000  0.000
 2777.0   90  1.2968  0.202E-01  0.127  0.261    0.60  0.0409  0.990  0.261  0.261  0.063  1.000  0.188  0.507  0.040  0.001  0.000  0.000  0.000
 2320.2   90  1.3763  0.346E-02  0.127  0.261    0.60  0.0401  0.990  0.261  0.842  0.093  1.000  0.278  0.515  0.056  0.003  0.000  0.000  0.000
 2044.2   90  1.3966  0.455E-02  0.127  0.261    0.60  0.0705  0.990  0.261  0.861  0.121  1.000  0.362  0.525  0.072  0.004  0.000  0.000  0.000
 1778.4   90  1.4098  0.796E-02  0.127  0.261    0.60  0.1290  0.990  0.261  0.841  0.162  1.000  0.485  0.545  0.096  0.007  0.000  0.000  0.000
 1455.2   90  1.4183  0.120E-01  0.127  0.261    0.60  0.2654  0.990  0.261  0.848  0.250  1.000  0.750  0.606  0.148  0.017  0.001  0.000  0.000
 1270.3   90  1.4200  0.137E-01  0.127  0.261    0.60  0.3976  0.990  0.261  0.861  0.341  1.000  1.023  0.695  0.204  0.032  0.003  0.000  0.000
  944.3   90  1.4200  0.137E-01  0.127  0.261    0.60  0.8657  0.990  0.261  0.896  0.611  1.000  1.834  1.214  0.450  0.121  0.020  0.002  0.000
  693.5   90  1.4200  0.137E-01  0.127  0.261    0.60  1.7489  0.990  0.261  0.928  0.676  1.000  2.028  2.026  1.178  0.517  0.143  0.028  0.004
  527.1   90  1.4200  0.137E-01  0.127  0.261    0.60  2.7932  0.990  0.261  0.936  0.774  1.000  2.322  2.770  2.435  1.603  0.725  0.274  0.068
  399.8   90  1.4200  0.137E-01  0.127  0.261    0.60  3.6465  0.990  0.261  0.936  0.809  1.000  2.428  3.228  3.408  3.098  2.480  1.596  0.780
  329.1   90  1.4200  0.137E-01  0.127  0.261    0.60  3.8472  0.990  0.261  0.926  0.808  1.000  2.424  3.355  3.728  3.756  3.596  3.068  2.426
  229.8   90  1.4200  0.137E-01  0.127  0.261    0.60  2.7448  0.990  0.261  0.855  0.737  1.000  2.210  3.005  3.122  3.363  3.504  3.598  3.901
 7082.2   90  1.2291  0.131E+00  0.127  0.261    0.60  0.0741  0.990  0.261  0.003  0.009  1.000  0.028  0.500  0.006  0.000  0.000  0.000  0.000
  300.0   95  1.4200  0.137E-01  0.127  0.280    0.60  3.5542  0.990  0.280  0.906  0.784  1.000  2.351  3.300  3.656  3.875  3.929  3.786  3.649
  400.0   95  1.4200  0.137E-01  0.127  0.280    0.60  3.8535  0.990  0.280  0.931  0.812  1.000  2.435  3.334  3.552  3.455  2.982  2.271  1.456
  440.0   95  1.4200  0.137E-01  0.127  0.280    0.60  3.6118  0.990  0.280  0.937  0.807  1.000  2.422  3.189  3.346  2.978  2.323  1.396  0.599
  500.0   95  1.4200  0.137E-01  0.127  0.280    0.60  3.2048  0.990  0.280  0.936  0.787  1.000  2.360  3.053  2.918  2.379  1.552  0.760  0.226
  550.0   95  1.4200  0.137E-01  0.127  0.280    0.60  2.8581  0.990  0.280  0.937  0.775  1.000  2.324  2.825  2.514  1.732  0.847  0.342  0.089
  600.0   95  1.4200  0.137E-01  0.127  0.280    0.60  2.5909  0.990  0.280  0.934  0.770  1.000  2.309  2.654  2.255  1.340  0.511  0.162  0.035
  675.0   95  1.4200  0.137E-01  0.127  0.280    0.60  2.0548  0.990  0.280  0.929  0.724  1.000  2.172  2.368  1.703  0.856  0.267  0.063  0.011
  800.0   95  1.4200  0.137E-01  0.127  0.280    0.60  1.5561  0.990  0.280  0.924  0.660  1.000  1.980  1.788  0.881  0.343  0.085  0.014  0.002
  870.0   95  1.4200  0.137E-01  0.127  0.280    0.60  1.3110  0.990  0.280  0.915  0.658  1.000  1.974  1.577  0.672  0.228  0.049  0.007  0.001
 1000.0   95  1.4200  0.137E-01  0.127  0.280    0.60  0.8912  0.990  0.280  0.898  0.618  1.000  1.854  1.240  0.463  0.126  0.021  0.002  0.000
 1020.0   95  1.4200  0.137E-01  0.127  0.280    0.60  0.8420  0.990  0.280  0.895  0.605  1.000  1.814  1.190  0.439  0.116  0.018  0.002  0.000
55555.6   95  1.8123  0.377E+00  0.127  0.280    0.60  0.0183  0.990  0.280  0.000  0.000  1.000  0.001  0.500  0.000  0.000  0.000 -0.000 -0.000
23529.4   95  1.7926  0.394E+00  0.127  0.280    0.60  0.0462  0.990  0.280  0.000  0.001  1.000  0.004  0.500  0.001  0.000  0.000  0.000  0.000
17699.1   95  1.9542  0.666E+00  0.127  0.280    0.60  0.0879  0.990  0.280  0.001  0.002  1.000  0.007  0.500  0.001  0.000  0.000  0.000  0.000
15037.6   95  1.5722  0.269E+00  0.127  0.280    0.60  0.0596  0.990  0.280  0.001  0.003  1.000  0.008  0.500  0.002  0.000  0.000  0.000  0.000
13157.9   95  1.6818  0.227E+00  0.127  0.280    0.60  0.0530  0.990  0.280  0.003  0.004  1.000  0.011  0.500  0.002  0.000  0.000  0.000  0.000
11111.1   95  1.8154  0.557E+00  0.127  0.280    0.60  0.1362  0.990  0.280  0.003  0.005  1.000  0.016  0.500  0.003  0.000  0.000  0.000  0.000
 9708.7   95  1.8968  0.724E+00  0.127  0.280    0.60  0.1864  0.990  0.280  0.006  0.007  1.000  0.022  0.500  0.004  0.000  0.000  0.000  0.000
 8849.6   95  1.5905  0.805E+00  0.127  0.280    0.60  0.2918  0.990  0.280  0.005  0.007  1.000  0.022  0.500  0.004  0.000  0.000  0.000  0.000
 7782.1   95  1.0819  0.427E+00  0.127  0.280    0.60  0.2571  0.990  0.280  0.002  0.008  1.000  0.024  0.500  0.006  0.000  0.000  0.000  0.000
 6968.6   95  1.2648  0.119E+00  0.127  0.280    0.60  0.0719  0.990  0.280  0.005  0.011  1.000  0.034  0.500  0.007  0.000  0.000  0.000  0.000
 6097.6   95  1.4392  0.178E+00  0.127  0.280    0.60  0.1124  0.990  0.280  0.013  0.016  1.000  0.047  0.500  0.009  0.000  0.000  0.000  0.000
 5154.6   95  1.3947  0.131E+00  0.127  0.280    0.60  0.1031  0.990  0.280  0.022  0.022  1.000  0.065  0.501  0.013  0.000  0.000  0.000  0.000
 4618.9   95  1.4292  0.159E+00  0.127  0.280    0.60  0.1390  0.990  0.280  0.030  0.027  1.000  0.082  0.501  0.016  0.000  0.000  0.000  0.000
 4319.7   95  1.4226  0.148E+00  0.127  0.280    0.60  0.1409  0.990  0.280  0.037  0.031  1.000  0.094  0.502  0.019  0.000  0.000  0.000  0.000
 4016.1   95  1.4213  0.176E+00  0.127  0.280    0.60  0.1825  0.990  0.280  0.040  0.036  1.000  0.109  0.502  0.022  0.000  0.000  0.000  0.000
 3418.8   95  1.3373  0.207E+00  0.127  0.280    0.60  0.2665  0.990  0.280  0.040  0.048  1.000  0.145  0.504  0.030  0.001  0.000  0.000  0.000
 3444.7   95  1.3447  0.208E+00  0.127  0.280    0.60  0.2647  0.990  0.280  0.041  0.048  1.000  0.143  0.504  0.030  0.001  0.000  0.000  0.000
 2777.0   95  1.2968  0.202E-01  0.127  0.280    0.60  0.0466  0.990  0.280  0.297  0.072  1.000  0.216  0.509  0.046  0.002  0.000  0.000  0.000
 2320.2   95  1.3763  0.346E-02  0.127  0.280    0.60  0.0507  0.990  0.280  0.864  0.106  1.000  0.318  0.520  0.064  0.003  0.000  0.000  0.000
 2044.2   95  1.3966  0.455E-02  0.127  0.280    0.60  0.0888  0.990  0.280  0.880  0.138  1.000  0.415  0.533  0.083  0.006  0.000  0.000  0.000
 1778.4   95  1.4098  0.796E-02  0.127  0.280    0.60  0.1605  0.990  0.280  0.860  0.186  1.000  0.559  0.559  0.110  0.010  0.001  0.000  0.000
 1455.2   95  1.4183  0.120E-01  0.127  0.280    0.60  0.3222  0.990  0.280  0.862  0.291  1.000  0.873  0.643  0.173  0.023  0.002  0.000  0.000
 1270.3   95  1.4200  0.137E-01  0.127  0.280    0.60  0.4737  0.990  0.280  0.871  0.398  1.000  1.194  0.767  0.243  0.043  0.004  0.000  0.000
  944.3   95  1.4200  0.137E-01  0.127  0.280    0.60  1.0521  0.990  0.280  0.905  0.646  1.000  1.937  1.382  0.537  0.160  0.029  0.004  0.000
  693.5   95  1.4200  0.137E-01  0.127  0.280    0.60  1.9516  0.990  0.280  0.929  0.708  1.000  2.125  2.273  1.543  0.746  0.226  0.051  0.008
  527.1   95  1.4200  0.137E-01  0.127  0.280    0.60  2.9816  0.990  0.280  0.936  0.777  1.000  2.332  2.929  2.676  1.999  1.120  0.500  0.138
  399.8   95  1.4200  0.137E-01  0.127  0.280    0.60  3.8554  0.990  0.280  0.931  0.812  1.000  2.435  3.334  3.553  3.458  2.986  2.277  1.462
  329.1   95  1.4200  0.137E-01  0.127  0.280    0.60  3.9335  0.990  0.280  0.918  0.811  1.000  2.433  3.402  3.785  3.964  3.886  3.612  3.166
  229.8   95  1.4200  0.137E-01  0.127  0.280    0.60  2.4448  0.990  0.280  0.817  0.679  1.000  2.036  2.752  2.676  2.821  2.837  3.060  3.257
 7082.2   95  1.2291  0.131E+00  0.127  0.280    0.60  0.0795  0.990  0.280  0.004  0.011  1.000  0.032  0.500  0.007  0.000  0.000  0.000  0.000
  300.0   99  1.4200  0.137E-01  0.127  0.280    0.60  3.5542  0.990  0.280  0.906  0.784  1.000  2.351  3.300  3.656  3.875  3.929  3.786  3.649
  400.0   99  1.4200  0.137E-01  0.127  0.280    0.60  3.8535  0.990  0.280  0.931  0.812  1.000  2.435  3.334  3.552  3.455  2.982  2.271  1.456
  440.0   99  1.4200  0.137E-01  0.127  0.280    0.60  3.6118  0.990  0.280  0.937  0.807  1.000  2.422  3.189  3.346  2.978  2.323  1.396  0.599
  500.0   99  1.4200  0.137E-01  0.127  0.280    0.60  3.2048  0.990  0.280  0.936  0.787  1.000  2.360  3.053  2.918  2.379  1.552  0.760  0.226
  550.0   99  1.4200  0.137E-01  0.127  0.280    0.60  2.8581  0.990  0.280  0.937  0.775  1.000  2.324  2.825  2.514  1.732  0.847  0.342  0.089
  600.0   99  1.4200  0.137E-01  0.127  0.280    0.60  2.5909  0.990  0.280  0.934  0.770  1.000  2.309  2.654  2.255  1.340  0.511  0.162  0.035
  675.0   99  1.4200  0.137E-01  0.127  0.280    0.60  2.0548  0.990  0.280  0.929  0.724  1.000  2.172  2.368  1.703  0.856  0.267  0.063  0.011
  800.0   99  1.4200  0.137E-01  0.127  0.280    0.60  1.5561  0.990  0.280  0.924  0.660  1.000  1.980  1.788  0.881  0.343  0.085  0.014  0.002
  870.0   99  1.4200  0.137E-01  0.127  0.280    0.60  1.3110  0.990  0.280  0.915  0.658  1.000  1.974  1.577  0.672  0.228  0.049  0.007  0.001
 1000.0   99  1.4200  0.137E-01  0.127  0.280    0.60  0.8912  0.990  0.280  0.898  0.618  1.000  1.854  1.240  0.463  0.126  0.021  0.002  0.000
 1020.0   99  1.4200  0.137E-01  0.127  0.280    0.60  0.8420  0.990  0.280  0.895  0.605  1.000  1.814  1.190  0.439  0.116  0.018  0.002  0.000
55555.6   99  1.8123  0.377E+00  0.127  0.280    0.60  0.0183  0.990  0.280  0.000  0.000  1.000  0.001  0.500  0.000  0.000  0.000 -0.000 -0.000
23529.4   99  1.7926  0.394E+00  0.127  0.280    0.60  0.0462  0.990  0.280  0.000  0.001  1.000  0.004  0.500  0.001  0.000  0.000  0.000  0.000
17699.1   99  1.9542  0.666E+00  0.127  0.280    0.60  0.0879  0.990  0.280  0.001  0.002  1.000  0.007  0.500  0.001  0.000  0.000  0.000  0.000
15037.6   99  1.5722  0.269E+00  0.127  0.280    0.60  0.0596  0.990  0.280  0.001  0.003  1.000  0.008  0.500  0.002  0.000  0.000  0.000  0.000
13157.9   99  1.6818  0.227E+00  0.127  0.280    0.60  0.0530  0.990  0.280  0.003  0.004  1.000  0.011  0.500  0.002  0.000  0.000  0.000  0.000
11111.1   99  1.8154  0.557E+00  0.127  0.280    0.60  0.1362  0.990  0.280  0.003  0.005  1.000  0.016  0.500  0.003  0.000  0.000  0.000  0.000
 9708.7   99  1.8968  0.724E+00  0.127  0.280    0.60  0.1864  0.990  0.280  0.006  0.007  1.000  0.022  0.500  0.004  0.000  0.000  0.000  0.000
 8849.6   99  1.5905  0.805E+00  0.127  0.280    0.60  0.2918  0.990  0.280  0.005  0.007  1.000  0.022  0.500  0.004  0.000  0.000  0.000  0.000
 7782.1   99  1.0819  0.427E+00  0.127  0.280    0.60  0.2571  0.990  0.280  0.002  0.008  1.000  0.024  0.500  0.006  0.000  0.000  0.000  0.000
 6968.6   99  1.2648  0.119E+00  0.127  0.280    0.60  0.0719  0.990  0.280  0.005  0.011  1.000  0.034  0.500  0.007  0.000  0.000  0.000  0.000
 6097.6   99  1.4392  0.178E+00  0.127  0.280    0.60  0.1124  0.990  0.280  0.013  0.016  1.000  0.047  0.500  0.009  0.000  0.000  0.000  0.000
 5154.6   99  1.3947  0.131E+00  0.127  0.280    0.60  0.1031  0.990  0.280  0.022  0.022  1.000  0.065  0.501  0.013  0.000  0.000  0.000  0.000
 4618.9   99  1.4292  0.159E+00  0.127  0.280    0.60  0.1390  0.990  0.280  0.030  0.027  1.000  0.082  0.501  0.016  0.000  0.000  0.000  0.000
 4319.7   99  1.4226  0.148E+00  0.127  0.280    0.60  0.1409  0.990  0.280  0.037  0.031  1.000  0.094  0.502  0.019  0.000  0.000  0.000  0.000
 4016.1   99  1.4213  0.176E+00  0.127  0.280    0.60  0.1825  0.990  0.280  0.040  0.036  1.000  0.109  0.502  0.022  0.000  0.000  0.000  0.000
 3418.8   99  1.3373  0.207E+00  0.127  0.280    0.60  0.2665  0.990  0.280  0.040  0.048  1.000  0.145  0.504  0.030  0.001  0.000  0.000  0.000
 3444.7   99  1.3447  0.208E+00  0.127  0.280    0.60  0.2647  0.990  0.280  0.041  0.048  1.000  0.143  0.504  0.030  0.001  0.000  0.000  0.000
 2777.0   99  1.2968  0.202E-01  0.127  0.280    0.60  0.0466  0.990  0.280  0.297  0.072  1.000  0.216  0.509  0.046  0.002  0.000  0.000  0.000
 2320.2   99  1.3763  0.346E-02  0.127  0.280    0.60  0.0507  0.990  0.280  0.864  0.106  1.000  0.318  0.520  0.064  0.003  0.000  0.000  0.000
 2044.2   99  1.3966  0.455E-02  0.127  0.280    0.60  0.0888  0.990  0.280  0.880  0.138  1.000  0.415  0.533  0.083  0.006  0.000  0.000  0.000
 1778.4   99  1.4098  0.796E-02  0.127  0.280    0.60  0.1605  0.990  0.280  0.860  0.186  1.000  0.559  0.559  0.110  0.010  0.001  0.000  0.000
 1455.2   99  1.4183  0.120E-01  0.127  0.280    0.60  0.3222  0.990  0.280  0.862  0.291  1.000  0.873  0.643  0.173  0.023  0.002  0.000  0.000
 1270.3   99  1.4200  0.137E-01  0.127  0.280    0.60  0.4737  0.990  0.280  0.871  0.398  1.000  1.194  0.767  0.243  0.043  0.004  0.000  0.000
  944.3   99  1.4200  0.137E-01  0.127  0.280    0.60  1.0521  0.990  0.280  0.905  0.646  1.000  1.937  1.382  0.537  0.160  0.029  0.004  0.000
  693.5   99  1.4200  0.137E-01  0.127  0.280    0.60  1.9516  0.990  0.280  0.929  0.708  1.000  2.125  2.273  1.543  0.746  0.226  0.051  0.008
  527.1   99  1.4200  0.137E-01  0.127  0.280    0.60  2.9816  0.990  0.280  0.936  0.777  1.000  2.332  2.929  2.676  1.999  1.120  0.500  0.138
  399.8   99  1.4200  0.137E-01  0.127  0.280    0.60  3.8554  0.990  0.280  0.931  0.812  1.000  2.435  3.334  3.553  3.458  2.986  2.277  1.462
  329.1   99  1.4200  0.137E-01  0.127  0.280    0.60  3.9335  0.990  0.280  0.918  0.811  1.000  2.433  3.402  3.785  3.964  3.886  3.612  3.166
  229.8   99  1.4200  0.137E-01  0.127  0.280    0.60  2.4448  0.990  0.280  0.817  0.679  1.000  2.036  2.752  2.676  2.821  2.837  3.060  3.257
 7082.2   99  1.2291  0.131E+00  0.127  0.280    0.60  0.0795  0.990  0.280  0.004  0.011  1.000  0.032  0.500  0.007  0.000  0.000  0.000  0.000
