,h2so4,RRTMG,LUT,interpolated,from,GADS,(DAR,09/2013)
,V0.1,-,contains,Fast-J,wavelengths,but,is,the,same,as,the,original,jv_spec.dat,values
,w(nm),RH,,N,,iK,RgDry,RgWet,Sg,,Q,Alpha,r-eff,ss-alb,g-sym,pi(0),pi(1),pi(2),pi(3),pi(4),pi(5),pi(6),pi(7)
,300.0,0,1.3326,0.000E+00,0.080,0.080,0.60,0.4367,0.990,0.080,1.000,0.554,1.000,1.662,1.080,0.416,0.105,0.016,0.002,0.000
,400.0,0,1.3326,0.000E+00,0.080,0.080,0.60,0.2003,0.990,0.080,1.000,0.302,1.000,0.907,0.661,0.194,0.029,0.002,0.000,0.000
,440.0,0,1.3326,0.000E+00,0.080,0.080,0.60,0.1492,0.990,0.080,1.000,0.245,1.000,0.736,0.606,0.155,0.019,0.001,0.000,0.000
,500.0,0,1.3326,0.000E+00,0.080,0.080,0.60,0.0972,0.990,0.080,1.000,0.187,1.000,0.560,0.561,0.117,0.011,0.001,0.000,0.000
,550.0,0,1.3326,0.000E+00,0.080,0.080,0.60,0.0693,0.990,0.080,1.000,0.153,1.000,0.460,0.541,0.096,0.007,0.000,0.000,0.000
,600.0,0,1.3326,0.000E+00,0.080,0.080,0.60,0.0504,0.990,0.080,1.000,0.128,1.000,0.384,0.529,0.080,0.005,0.000,0.000,0.000
,675.0,0,1.3326,0.000E+00,0.080,0.080,0.60,0.0324,0.990,0.080,1.000,0.101,1.000,0.303,0.518,0.063,0.003,0.000,0.000,0.000
,800.0,0,1.3326,0.000E+00,0.080,0.080,0.60,0.0168,0.990,0.080,1.000,0.072,1.000,0.215,0.509,0.045,0.002,0.000,0.000,0.000
,870.0,0,1.3326,0.000E+00,0.080,0.080,0.60,0.0121,0.990,0.080,1.000,0.061,1.000,0.182,0.507,0.038,0.001,0.000,0.000,0.000
,1000.0,0,1.3326,0.000E+00,0.080,0.080,0.60,0.0070,0.990,0.080,1.000,0.046,1.000,0.138,0.504,0.029,0.001,0.000,0.000,0.000
,1020.0,0,1.3326,0.000E+00,0.080,0.080,0.60,0.0065,0.990,0.080,1.000,0.044,1.000,0.133,0.503,0.028,0.001,0.000,0.000,0.000
55555.6,0,1.1684,0.258E+00,0.080,0.080,0.60,0.0058,0.990,0.080,0.000,0.000,1.000,0.000,0.500,0.000,0.000,0.000,-0.000,-0.000
23529.4,0,1.1684,0.258E+00,0.080,0.080,0.60,0.0138,0.990,0.080,0.000,0.000,1.000,0.000,0.500,0.000,0.000,0.000,0.000,0.000
17699.1,0,1.1684,0.258E+00,0.080,0.080,0.60,0.0183,0.990,0.080,0.000,0.000,1.000,0.000,0.500,0.000,0.000,0.000,-0.000,-0.000
15037.6,0,1.1684,0.258E+00,0.080,0.080,0.60,0.0215,0.990,0.080,0.000,0.000,1.000,0.001,0.500,0.000,0.000,0.000,0.000,0.000
13157.9,0,1.1684,0.258E+00,0.080,0.080,0.60,0.0246,0.990,0.080,0.000,0.000,1.000,0.001,0.500,0.000,0.000,0.000,-0.000,-0.000
11111.1,0,1.1796,0.164E+00,0.080,0.080,0.60,0.0183,0.990,0.080,0.000,0.000,1.000,0.001,0.500,0.000,0.000,0.000,0.000,0.000
,9708.7,0,1.3159,0.103E+00,0.080,0.080,0.60,0.0121,0.990,0.080,0.000,0.000,1.000,0.001,0.500,0.000,0.000,0.000,0.000,-0.000
,8849.6,0,1.2787,0.149E+00,0.080,0.080,0.60,0.0197,0.990,0.080,0.000,0.001,1.000,0.002,0.500,0.000,0.000,0.000,0.000,0.000
,7782.1,0,1.2991,0.655E-01,0.080,0.080,0.60,0.0097,0.990,0.080,0.000,0.001,1.000,0.002,0.500,0.000,0.000,0.000,0.000,0.000
,6968.6,0,1.3311,0.555E-01,0.080,0.080,0.60,0.0090,0.990,0.080,0.000,0.001,1.000,0.003,0.500,0.001,0.000,0.000,0.000,-0.000
,6097.6,0,1.3533,0.119E+00,0.080,0.080,0.60,0.0219,0.990,0.080,0.000,0.001,1.000,0.004,0.500,0.001,0.000,0.000,0.000,-0.000
,5154.6,0,1.3366,0.293E-01,0.080,0.080,0.60,0.0064,0.990,0.080,0.002,0.002,1.000,0.005,0.500,0.001,0.000,0.000,0.000,0.000
,4618.9,0,1.3577,0.343E-01,0.080,0.080,0.60,0.0083,0.990,0.080,0.002,0.002,1.000,0.007,0.500,0.001,0.000,0.000,0.000,0.000
,4319.7,0,1.3621,0.267E-01,0.080,0.080,0.60,0.0069,0.990,0.080,0.004,0.003,1.000,0.008,0.500,0.002,0.000,0.000,0.000,0.000
,4016.1,0,1.3799,0.213E-01,0.080,0.080,0.60,0.0059,0.990,0.080,0.006,0.003,1.000,0.009,0.500,0.002,0.000,0.000,0.000,0.000
,3418.8,0,1.4670,0.487E-01,0.080,0.080,0.60,0.0149,0.990,0.080,0.007,0.004,1.000,0.013,0.500,0.002,0.000,0.000,0.000,0.000
,3444.7,0,1.4602,0.438E-01,0.080,0.080,0.60,0.0134,0.990,0.080,0.007,0.004,1.000,0.012,0.500,0.002,0.000,0.000,0.000,0.000
,2777.0,0,1.1248,0.530E-01,0.080,0.080,0.60,0.0244,0.990,0.080,0.001,0.006,1.000,0.017,0.500,0.004,0.000,0.000,0.000,0.000
,2320.2,0,1.2971,0.000E+00,0.080,0.080,0.60,0.0002,0.990,0.080,1.000,0.008,1.000,0.025,0.500,0.005,0.000,0.000,0.000,0.000
,2044.2,0,1.3176,0.000E+00,0.080,0.080,0.60,0.0004,0.990,0.080,1.000,0.011,1.000,0.033,0.500,0.007,0.000,0.000,0.000,0.000
,1778.4,0,1.3291,0.000E+00,0.080,0.080,0.60,0.0007,0.990,0.080,1.000,0.015,1.000,0.044,0.500,0.009,0.000,0.000,0.000,0.000
,1455.2,0,1.3326,0.000E+00,0.080,0.080,0.60,0.0016,0.990,0.080,1.000,0.022,1.000,0.065,0.501,0.014,0.000,0.000,0.000,0.000
,1270.3,0,1.3326,0.000E+00,0.080,0.080,0.60,0.0027,0.990,0.080,1.000,0.029,1.000,0.086,0.501,0.018,0.000,0.000,0.000,0.000
,944.3,0,1.3326,0.000E+00,0.080,0.080,0.60,0.0088,0.990,0.080,1.000,0.052,1.000,0.155,0.505,0.032,0.001,0.000,0.000,0.000
,693.5,0,1.3326,0.000E+00,0.080,0.080,0.60,0.0292,0.990,0.080,1.000,0.096,1.000,0.287,0.516,0.060,0.003,0.000,0.000,0.000
,527.1,0,1.3326,0.000E+00,0.080,0.080,0.60,0.0808,0.990,0.080,1.000,0.167,1.000,0.502,0.549,0.105,0.009,0.000,0.000,0.000
,399.8,0,1.3326,0.000E+00,0.080,0.080,0.60,0.2006,0.990,0.080,1.000,0.303,1.000,0.908,0.661,0.194,0.029,0.002,0.000,0.000
,329.1,0,1.3326,0.000E+00,0.080,0.080,0.60,0.3427,0.990,0.080,1.000,0.464,1.000,1.392,0.889,0.322,0.069,0.009,0.001,0.000
,229.8,0,1.3326,0.000E+00,0.080,0.080,0.60,0.9316,0.990,0.080,1.000,0.682,1.000,2.045,1.809,0.865,0.322,0.080,0.014,0.002
,7082.2,0,1.3270,0.562E-01,0.080,0.080,0.60,0.0090,0.990,0.080,0.000,0.001,1.000,0.003,0.500,0.001,0.000,0.000,0.000,-0.000
,300.0,50,1.3797,0.114E-01,0.080,0.120,0.60,1.6177,0.990,0.120,0.932,0.705,1.000,2.114,2.237,1.438,0.674,0.206,0.046,0.007
,400.0,50,1.3797,0.114E-01,0.080,0.120,0.60,0.8723,0.990,0.120,0.907,0.650,1.000,1.951,1.412,0.568,0.173,0.033,0.004,0.000
,440.0,50,1.3797,0.114E-01,0.080,0.120,0.60,0.6680,0.990,0.120,0.896,0.590,1.000,1.770,1.161,0.440,0.115,0.018,0.002,0.000
,500.0,50,1.3797,0.114E-01,0.080,0.120,0.60,0.4810,0.990,0.120,0.883,0.468,1.000,1.404,0.884,0.309,0.065,0.008,0.001,0.000
,550.0,50,1.3797,0.114E-01,0.080,0.120,0.60,0.3788,0.990,0.120,0.870,0.379,1.000,1.138,0.748,0.240,0.042,0.004,0.000,0.000
,600.0,50,1.3797,0.114E-01,0.080,0.120,0.60,0.3015,0.990,0.120,0.855,0.312,1.000,0.935,0.667,0.192,0.028,0.002,0.000,0.000
,675.0,50,1.3797,0.114E-01,0.080,0.120,0.60,0.2165,0.990,0.120,0.827,0.240,1.000,0.719,0.599,0.146,0.017,0.001,0.000,0.000
,800.0,50,1.3797,0.114E-01,0.080,0.120,0.60,0.1301,0.990,0.120,0.769,0.167,1.000,0.500,0.548,0.101,0.008,0.000,0.000,0.000
,870.0,50,1.3797,0.114E-01,0.080,0.120,0.60,0.1006,0.990,0.120,0.732,0.140,1.000,0.420,0.534,0.085,0.006,0.000,0.000,0.000
,1000.0,50,1.3797,0.114E-01,0.080,0.120,0.60,0.0662,0.990,0.120,0.660,0.105,1.000,0.316,0.519,0.064,0.003,0.000,0.000,0.000
,1020.0,50,1.3797,0.114E-01,0.080,0.120,0.60,0.0624,0.990,0.120,0.649,0.101,1.000,0.304,0.518,0.061,0.003,0.000,0.000,0.000
55555.6,50,1.7343,0.386E+00,0.080,0.120,0.60,0.0086,0.990,0.120,0.000,0.000,1.000,0.000,0.500,0.000,0.000,0.000,-0.000,0.000
23529.4,50,1.7349,0.395E+00,0.080,0.120,0.60,0.0207,0.990,0.120,0.000,0.000,1.000,0.001,0.500,0.000,0.000,0.000,0.000,-0.000
17699.1,50,1.7588,0.446E+00,0.080,0.120,0.60,0.0304,0.990,0.120,0.000,0.000,1.000,0.001,0.500,0.000,0.000,0.000,0.000,0.000
15037.6,50,1.5027,0.362E+00,0.080,0.120,0.60,0.0359,0.990,0.120,0.000,0.000,1.000,0.001,0.500,0.000,0.000,0.000,0.000,-0.000
13157.9,50,1.5337,0.292E+00,0.080,0.120,0.60,0.0325,0.990,0.120,0.000,0.001,1.000,0.002,0.500,0.000,0.000,0.000,0.000,0.000
11111.1,50,1.5882,0.344E+00,0.080,0.120,0.60,0.0434,0.990,0.120,0.000,0.001,1.000,0.003,0.500,0.001,0.000,0.000,0.000,-0.000
,9708.7,50,1.6413,0.508E+00,0.080,0.120,0.60,0.0695,0.990,0.120,0.000,0.001,1.000,0.004,0.500,0.001,0.000,0.000,0.000,-0.000
,8849.6,50,1.4307,0.516E+00,0.080,0.120,0.60,0.0919,0.990,0.120,0.000,0.001,1.000,0.004,0.500,0.001,0.000,0.000,0.000,0.000
,7782.1,50,1.2466,0.243E+00,0.080,0.120,0.60,0.0562,0.990,0.120,0.000,0.002,1.000,0.005,0.500,0.001,0.000,0.000,0.000,-0.000
,6968.6,50,1.3269,0.172E+00,0.080,0.120,0.60,0.0422,0.990,0.120,0.000,0.002,1.000,0.006,0.500,0.001,0.000,0.000,0.000,0.000
,6097.6,50,1.4180,0.218E+00,0.080,0.120,0.60,0.0573,0.990,0.120,0.001,0.003,1.000,0.009,0.500,0.002,0.000,0.000,0.000,0.000
,5154.6,50,1.3078,0.147E+00,0.080,0.120,0.60,0.0495,0.990,0.120,0.001,0.004,1.000,0.012,0.500,0.002,0.000,0.000,0.000,0.000
,4618.9,50,1.3434,0.122E+00,0.080,0.120,0.60,0.0449,0.990,0.120,0.002,0.005,1.000,0.015,0.500,0.003,0.000,0.000,0.000,0.000
,4319.7,50,1.3490,0.116E+00,0.080,0.120,0.60,0.0456,0.990,0.120,0.003,0.006,1.000,0.017,0.500,0.003,0.000,0.000,0.000,0.000
,4016.1,50,1.3559,0.107E+00,0.080,0.120,0.60,0.0451,0.990,0.120,0.004,0.007,1.000,0.020,0.500,0.004,0.000,0.000,0.000,0.000
,3418.8,50,1.3709,0.124E+00,0.080,0.120,0.60,0.0612,0.990,0.120,0.006,0.009,1.000,0.027,0.500,0.006,0.000,0.000,0.000,0.000
,3444.7,50,1.3700,0.120E+00,0.080,0.120,0.60,0.0590,0.990,0.120,0.006,0.009,1.000,0.027,0.500,0.005,0.000,0.000,0.000,0.000
,2777.0,50,1.1943,0.474E-01,0.080,0.120,0.60,0.0321,0.990,0.120,0.007,0.013,1.000,0.038,0.500,0.009,0.000,0.000,0.000,0.000
,2320.2,50,1.3325,0.980E-03,0.080,0.120,0.60,0.0020,0.990,0.120,0.626,0.019,1.000,0.058,0.501,0.012,0.000,0.000,0.000,0.000
,2044.2,50,1.3546,0.233E-02,0.080,0.120,0.60,0.0043,0.990,0.120,0.536,0.025,1.000,0.075,0.501,0.015,0.000,0.000,0.000,0.000
,1778.4,50,1.3679,0.541E-02,0.080,0.120,0.60,0.0097,0.990,0.120,0.445,0.033,1.000,0.100,0.502,0.020,0.000,0.000,0.000,0.000
,1455.2,50,1.3775,0.919E-02,0.080,0.120,0.60,0.0215,0.990,0.120,0.466,0.050,1.000,0.149,0.504,0.030,0.001,0.000,0.000,0.000
,1270.3,50,1.3797,0.114E-01,0.080,0.120,0.60,0.0339,0.990,0.120,0.509,0.065,1.000,0.196,0.507,0.040,0.001,0.000,0.000,0.000
,944.3,50,1.3797,0.114E-01,0.080,0.120,0.60,0.0785,0.990,0.120,0.691,0.118,1.000,0.355,0.524,0.072,0.004,0.000,0.000,0.000
,693.5,50,1.3797,0.114E-01,0.080,0.120,0.60,0.2001,0.990,0.120,0.819,0.226,1.000,0.678,0.588,0.137,0.015,0.001,0.000,0.000
,527.1,50,1.3797,0.114E-01,0.080,0.120,0.60,0.4218,0.990,0.120,0.876,0.417,1.000,1.252,0.802,0.268,0.051,0.006,0.000,0.000
,399.8,50,1.3797,0.114E-01,0.080,0.120,0.60,0.8735,0.990,0.120,0.907,0.650,1.000,1.951,1.413,0.569,0.173,0.033,0.004,0.000
,329.1,50,1.3797,0.114E-01,0.080,0.120,0.60,1.3890,0.990,0.120,0.928,0.676,1.000,2.027,1.931,1.017,0.414,0.110,0.020,0.003
,229.8,50,1.3797,0.114E-01,0.080,0.120,0.60,2.5702,0.990,0.120,0.942,0.789,1.000,2.366,2.913,2.633,1.872,0.949,0.389,0.107
,7082.2,50,1.3166,0.180E+00,0.080,0.120,0.60,0.0436,0.990,0.120,0.000,0.002,1.000,0.006,0.500,0.001,0.000,0.000,0.000,0.000
,300.0,70,1.4179,0.173E-01,0.080,0.134,0.60,2.3759,0.990,0.134,0.915,0.761,1.000,2.284,2.579,2.099,1.169,0.411,0.116,0.023
,400.0,70,1.4179,0.173E-01,0.080,0.134,0.60,1.4306,0.990,0.134,0.899,0.660,1.000,1.981,1.680,0.766,0.278,0.064,0.010,0.001
,440.0,70,1.4179,0.173E-01,0.080,0.134,0.60,1.1380,0.990,0.134,0.885,0.654,1.000,1.961,1.449,0.581,0.181,0.035,0.004,0.000
,500.0,70,1.4179,0.173E-01,0.080,0.134,0.60,0.7959,0.990,0.134,0.867,0.586,1.000,1.758,1.132,0.414,0.105,0.016,0.002,0.000
,550.0,70,1.4179,0.173E-01,0.080,0.134,0.60,0.6206,0.990,0.134,0.855,0.496,1.000,1.487,0.924,0.319,0.069,0.009,0.001,0.000
,600.0,70,1.4179,0.173E-01,0.080,0.134,0.60,0.4997,0.990,0.134,0.843,0.411,1.000,1.232,0.785,0.253,0.046,0.005,0.000,0.000
,675.0,70,1.4179,0.173E-01,0.080,0.134,0.60,0.3693,0.990,0.134,0.820,0.313,1.000,0.940,0.665,0.187,0.027,0.002,0.000,0.000
,800.0,70,1.4179,0.173E-01,0.080,0.134,0.60,0.2297,0.990,0.134,0.770,0.214,1.000,0.643,0.578,0.126,0.013,0.001,0.000,0.000
,870.0,70,1.4179,0.173E-01,0.080,0.134,0.60,0.1794,0.990,0.134,0.737,0.179,1.000,0.537,0.554,0.105,0.009,0.000,0.000,0.000
,1000.0,70,1.4179,0.173E-01,0.080,0.134,0.60,0.1187,0.990,0.134,0.670,0.134,1.000,0.402,0.531,0.079,0.005,0.000,0.000,0.000
,1020.0,70,1.4179,0.173E-01,0.080,0.134,0.60,0.1120,0.990,0.134,0.659,0.129,1.000,0.386,0.528,0.076,0.005,0.000,0.000,0.000
55555.6,70,1.8355,0.478E+00,0.080,0.134,0.60,0.0108,0.990,0.134,0.000,0.000,1.000,0.000,0.500,0.000,0.000,0.000,0.000,-0.000
23529.4,70,1.8130,0.494E+00,0.080,0.134,0.60,0.0268,0.990,0.134,0.000,0.000,1.000,0.001,0.500,0.000,0.000,0.000,0.000,-0.000
17699.1,70,1.9871,0.642E+00,0.080,0.134,0.60,0.0392,0.990,0.134,0.000,0.001,1.000,0.002,0.500,0.000,0.000,0.000,0.000,0.000
15037.6,70,1.5717,0.318E+00,0.080,0.134,0.60,0.0334,0.990,0.134,0.000,0.001,1.000,0.002,0.500,0.000,0.000,0.000,0.000,0.000
13157.9,70,1.6893,0.278E+00,0.080,0.134,0.60,0.0305,0.990,0.134,0.000,0.001,1.000,0.003,0.500,0.000,0.000,0.000,0.000,0.000
11111.1,70,1.7564,0.559E+00,0.080,0.134,0.60,0.0674,0.990,0.134,0.000,0.001,1.000,0.004,0.500,0.001,0.000,0.000,0.000,-0.000
,9708.7,70,1.8590,0.755E+00,0.080,0.134,0.60,0.0926,0.990,0.134,0.001,0.002,1.000,0.005,0.500,0.001,0.000,0.000,0.000,-0.000
,8849.6,70,1.6034,0.777E+00,0.080,0.134,0.60,0.1305,0.990,0.134,0.001,0.002,1.000,0.005,0.500,0.001,0.000,0.000,0.000,-0.000
,7782.1,70,1.1347,0.407E+00,0.080,0.134,0.60,0.1131,0.990,0.134,0.000,0.002,1.000,0.006,0.500,0.001,0.000,0.000,0.000,-0.000
,6968.6,70,1.2809,0.172E+00,0.080,0.134,0.60,0.0485,0.990,0.134,0.000,0.003,1.000,0.008,0.500,0.002,0.000,0.000,0.000,0.000
,6097.6,70,1.4549,0.217E+00,0.080,0.134,0.60,0.0624,0.990,0.134,0.001,0.004,1.000,0.011,0.500,0.002,0.000,0.000,0.000,0.000
,5154.6,70,1.3515,0.151E+00,0.080,0.134,0.60,0.0552,0.990,0.134,0.002,0.005,1.000,0.015,0.500,0.003,0.000,0.000,0.000,0.000
,4618.9,70,1.4025,0.150E+00,0.080,0.134,0.60,0.0596,0.990,0.134,0.003,0.006,1.000,0.019,0.500,0.004,0.000,0.000,0.000,0.000
,4319.7,70,1.4035,0.143E+00,0.080,0.134,0.60,0.0608,0.990,0.134,0.004,0.007,1.000,0.021,0.500,0.004,0.000,0.000,0.000,0.000
,4016.1,70,1.4100,0.161E+00,0.080,0.134,0.60,0.0735,0.990,0.134,0.005,0.008,1.000,0.025,0.500,0.005,0.000,0.000,0.000,0.000
,3418.8,70,1.3584,0.195E+00,0.080,0.134,0.60,0.1088,0.990,0.134,0.006,0.011,1.000,0.033,0.500,0.007,0.000,0.000,0.000,0.000
,3444.7,70,1.3646,0.194E+00,0.080,0.134,0.60,0.1072,0.990,0.134,0.006,0.011,1.000,0.033,0.500,0.007,0.000,0.000,0.000,0.000
,2777.0,70,1.2728,0.350E-01,0.080,0.134,0.60,0.0261,0.990,0.134,0.025,0.016,1.000,0.049,0.500,0.011,0.000,0.000,0.000,0.000
,2320.2,70,1.3750,0.847E-02,0.080,0.134,0.60,0.0094,0.990,0.134,0.253,0.024,1.000,0.073,0.501,0.015,0.000,0.000,0.000,0.000
,2044.2,70,1.3969,0.106E-01,0.080,0.134,0.60,0.0145,0.990,0.134,0.304,0.032,1.000,0.095,0.502,0.019,0.000,0.000,0.000,0.000
,1778.4,70,1.4077,0.133E-01,0.080,0.134,0.60,0.0227,0.990,0.134,0.354,0.042,1.000,0.126,0.503,0.025,0.001,0.000,0.000,0.000
,1455.2,70,1.4162,0.160E-01,0.080,0.134,0.60,0.0410,0.990,0.134,0.451,0.063,1.000,0.189,0.507,0.037,0.001,0.000,0.000,0.000
,1270.3,70,1.4179,0.173E-01,0.080,0.134,0.60,0.0605,0.990,0.134,0.525,0.082,1.000,0.247,0.512,0.049,0.002,0.000,0.000,0.000
,944.3,70,1.4179,0.173E-01,0.080,0.134,0.60,0.1406,0.990,0.134,0.699,0.151,1.000,0.452,0.539,0.089,0.006,0.000,0.000,0.000
,693.5,70,1.4179,0.173E-01,0.080,0.134,0.60,0.3435,0.990,0.134,0.814,0.295,1.000,0.884,0.646,0.175,0.024,0.002,0.000,0.000
,527.1,70,1.4179,0.173E-01,0.080,0.134,0.60,0.6918,0.990,0.134,0.861,0.538,1.000,1.614,1.011,0.359,0.083,0.011,0.001,0.000
,399.8,70,1.4179,0.173E-01,0.080,0.134,0.60,1.4321,0.990,0.134,0.899,0.660,1.000,1.981,1.681,0.767,0.278,0.064,0.010,0.001
,329.1,70,1.4179,0.173E-01,0.080,0.134,0.60,1.9741,0.990,0.134,0.911,0.716,1.000,2.147,2.311,1.599,0.782,0.240,0.055,0.009
,229.8,70,1.4179,0.173E-01,0.080,0.134,0.60,3.3603,0.990,0.134,0.920,0.799,1.000,2.397,3.127,3.110,2.642,1.871,0.971,0.313
,7082.2,70,1.2553,0.183E+00,0.080,0.134,0.60,0.0515,0.990,0.134,0.000,0.002,1.000,0.007,0.500,0.002,0.000,0.000,0.000,-0.000
,300.0,80,1.4200,0.137E-01,0.080,0.144,0.60,2.6951,0.990,0.144,0.935,0.773,1.000,2.318,2.705,2.340,1.454,0.597,0.205,0.048
,400.0,80,1.4200,0.137E-01,0.080,0.144,0.60,1.6302,0.990,0.144,0.926,0.664,1.000,1.991,1.872,0.979,0.399,0.103,0.018,0.002
,440.0,80,1.4200,0.137E-01,0.080,0.144,0.60,1.3648,0.990,0.144,0.917,0.658,1.000,1.975,1.618,0.707,0.247,0.054,0.008,0.001
,500.0,80,1.4200,0.137E-01,0.080,0.144,0.60,0.9684,0.990,0.144,0.901,0.634,1.000,1.902,1.311,0.499,0.142,0.025,0.003,0.000
,550.0,80,1.4200,0.137E-01,0.080,0.144,0.60,0.7391,0.990,0.144,0.890,0.566,1.000,1.698,1.077,0.387,0.095,0.014,0.001,0.000
,600.0,80,1.4200,0.137E-01,0.080,0.144,0.60,0.5886,0.990,0.144,0.882,0.481,1.000,1.442,0.897,0.306,0.064,0.008,0.001,0.000
,675.0,80,1.4200,0.137E-01,0.080,0.144,0.60,0.4361,0.990,0.144,0.866,0.370,1.000,1.110,0.730,0.224,0.037,0.004,0.000,0.000
,800.0,80,1.4200,0.137E-01,0.080,0.144,0.60,0.2735,0.990,0.144,0.831,0.251,1.000,0.754,0.606,0.148,0.017,0.001,0.000,0.000
,870.0,80,1.4200,0.137E-01,0.080,0.144,0.60,0.2133,0.990,0.144,0.807,0.209,1.000,0.627,0.574,0.123,0.012,0.001,0.000,0.000
,1000.0,80,1.4200,0.137E-01,0.080,0.144,0.60,0.1392,0.990,0.144,0.755,0.156,1.000,0.467,0.541,0.091,0.007,0.000,0.000,0.000
,1020.0,80,1.4200,0.137E-01,0.080,0.144,0.60,0.1309,0.990,0.144,0.746,0.149,1.000,0.448,0.538,0.088,0.006,0.000,0.000,0.000
55555.6,80,1.8123,0.377E+00,0.080,0.144,0.60,0.0094,0.990,0.144,0.000,0.000,1.000,0.000,0.500,0.000,0.000,0.000,0.000,-0.000
23529.4,80,1.7926,0.394E+00,0.080,0.144,0.60,0.0237,0.990,0.144,0.000,0.000,1.000,0.001,0.500,0.000,0.000,0.000,0.000,0.000
17699.1,80,1.9542,0.666E+00,0.080,0.144,0.60,0.0448,0.990,0.144,0.000,0.001,1.000,0.002,0.500,0.000,0.000,0.000,0.000,0.000
15037.6,80,1.5722,0.269E+00,0.080,0.144,0.60,0.0304,0.990,0.144,0.000,0.001,1.000,0.002,0.500,0.000,0.000,0.000,0.000,0.000
13157.9,80,1.6818,0.227E+00,0.080,0.144,0.60,0.0270,0.990,0.144,0.000,0.001,1.000,0.003,0.500,0.001,0.000,0.000,0.000,0.000
11111.1,80,1.8154,0.557E+00,0.080,0.144,0.60,0.0687,0.990,0.144,0.000,0.001,1.000,0.004,0.500,0.001,0.000,0.000,0.000,0.000
,9708.7,80,1.8968,0.724E+00,0.080,0.144,0.60,0.0931,0.990,0.144,0.001,0.002,1.000,0.006,0.500,0.001,0.000,0.000,0.000,0.000
,8849.6,80,1.5905,0.805E+00,0.080,0.144,0.60,0.1464,0.990,0.144,0.001,0.002,1.000,0.006,0.500,0.001,0.000,0.000,0.000,0.000
,7782.1,80,1.0819,0.427E+00,0.080,0.144,0.60,0.1319,0.990,0.144,0.000,0.002,1.000,0.006,0.500,0.002,0.000,0.000,0.000,0.000
,6968.6,80,1.2648,0.119E+00,0.080,0.144,0.60,0.0364,0.990,0.144,0.001,0.003,1.000,0.009,0.500,0.002,0.000,0.000,0.000,0.000
,6097.6,80,1.4392,0.178E+00,0.080,0.144,0.60,0.0556,0.990,0.144,0.002,0.004,1.000,0.013,0.500,0.002,0.000,0.000,0.000,0.000
,5154.6,80,1.3947,0.131E+00,0.080,0.144,0.60,0.0504,0.990,0.144,0.003,0.006,1.000,0.017,0.500,0.004,0.000,0.000,0.000,0.000
,4618.9,80,1.4292,0.159E+00,0.080,0.144,0.60,0.0667,0.990,0.144,0.004,0.007,1.000,0.022,0.500,0.004,0.000,0.000,0.000,0.000
,4319.7,80,1.4226,0.148E+00,0.080,0.144,0.60,0.0669,0.990,0.144,0.006,0.008,1.000,0.025,0.500,0.005,0.000,0.000,0.000,0.000
,4016.1,80,1.4213,0.176E+00,0.080,0.144,0.60,0.0860,0.990,0.144,0.006,0.010,1.000,0.029,0.500,0.006,0.000,0.000,0.000,0.000
,3418.8,80,1.3373,0.207E+00,0.080,0.144,0.60,0.1261,0.990,0.144,0.006,0.013,1.000,0.038,0.500,0.008,0.000,0.000,0.000,0.000
,3444.7,80,1.3447,0.208E+00,0.080,0.144,0.60,0.1251,0.990,0.144,0.006,0.013,1.000,0.038,0.500,0.008,0.000,0.000,0.000,0.000
,2777.0,80,1.2968,0.202E-01,0.080,0.144,0.60,0.0166,0.990,0.144,0.061,0.019,1.000,0.057,0.501,0.012,0.000,0.000,0.000,0.000
,2320.2,80,1.3763,0.346E-02,0.080,0.144,0.60,0.0063,0.990,0.144,0.507,0.028,1.000,0.085,0.501,0.017,0.000,0.000,0.000,0.000
,2044.2,80,1.3966,0.455E-02,0.080,0.144,0.60,0.0105,0.990,0.144,0.556,0.037,1.000,0.110,0.502,0.022,0.000,0.000,0.000,0.000
,1778.4,80,1.4098,0.796E-02,0.080,0.144,0.60,0.0204,0.990,0.144,0.530,0.049,1.000,0.146,0.504,0.029,0.001,0.000,0.000,0.000
,1455.2,80,1.4183,0.120E-01,0.080,0.144,0.60,0.0432,0.990,0.144,0.575,0.073,1.000,0.218,0.509,0.043,0.002,0.000,0.000,0.000
,1270.3,80,1.4200,0.137E-01,0.080,0.144,0.60,0.0674,0.990,0.144,0.631,0.095,1.000,0.286,0.516,0.056,0.003,0.000,0.000,0.000
,944.3,80,1.4200,0.137E-01,0.080,0.144,0.60,0.1661,0.990,0.144,0.778,0.175,1.000,0.526,0.552,0.103,0.009,0.000,0.000,0.000
,693.5,80,1.4200,0.137E-01,0.080,0.144,0.60,0.4063,0.990,0.144,0.862,0.348,1.000,1.043,0.703,0.209,0.033,0.003,0.000,0.000
,527.1,80,1.4200,0.137E-01,0.080,0.144,0.60,0.8318,0.990,0.144,0.895,0.601,1.000,1.804,1.180,0.434,0.114,0.018,0.002,0.000
,399.8,80,1.4200,0.137E-01,0.080,0.144,0.60,1.6315,0.990,0.144,0.926,0.664,1.000,1.991,1.874,0.981,0.400,0.104,0.019,0.002
,329.1,80,1.4200,0.137E-01,0.080,0.144,0.60,2.2990,0.990,0.144,0.931,0.752,1.000,2.255,2.526,2.001,1.083,0.365,0.098,0.019
,229.8,80,1.4200,0.137E-01,0.080,0.144,0.60,3.5963,0.990,0.144,0.937,0.806,1.000,2.418,3.173,3.311,2.922,2.251,1.312,0.527
,7082.2,80,1.2291,0.131E+00,0.080,0.144,0.60,0.0403,0.990,0.144,0.000,0.003,1.000,0.009,0.500,0.002,0.000,0.000,0.000,0.000
,300.0,90,1.4200,0.137E-01,0.080,0.165,0.60,3.1160,0.990,0.165,0.936,0.783,1.000,2.348,3.012,2.830,2.245,1.393,0.662,0.192
,400.0,90,1.4200,0.137E-01,0.080,0.165,0.60,2.0296,0.990,0.165,0.929,0.720,1.000,2.161,2.346,1.666,0.830,0.257,0.060,0.010
,440.0,90,1.4200,0.137E-01,0.080,0.165,0.60,1.7304,0.990,0.165,0.927,0.674,1.000,2.021,2.002,1.144,0.497,0.136,0.026,0.004
,500.0,90,1.4200,0.137E-01,0.080,0.165,0.60,1.3867,0.990,0.165,0.918,0.658,1.000,1.975,1.635,0.723,0.255,0.057,0.009,0.001
,550.0,90,1.4200,0.137E-01,0.080,0.165,0.60,1.0857,0.990,0.165,0.906,0.649,1.000,1.947,1.408,0.553,0.168,0.032,0.004,0.000
,600.0,90,1.4200,0.137E-01,0.080,0.165,0.60,0.8447,0.990,0.165,0.895,0.605,1.000,1.816,1.193,0.440,0.116,0.019,0.002,0.000
,675.0,90,1.4200,0.137E-01,0.080,0.165,0.60,0.6150,0.990,0.165,0.883,0.498,1.000,1.494,0.929,0.320,0.069,0.009,0.001,0.000
,800.0,90,1.4200,0.137E-01,0.080,0.165,0.60,0.3979,0.990,0.165,0.861,0.341,1.000,1.024,0.696,0.205,0.032,0.003,0.000,0.000
,870.0,90,1.4200,0.137E-01,0.080,0.165,0.60,0.3165,0.990,0.165,0.844,0.282,1.000,0.845,0.633,0.167,0.022,0.002,0.000,0.000
,1000.0,90,1.4200,0.137E-01,0.080,0.165,0.60,0.2106,0.990,0.165,0.805,0.207,1.000,0.621,0.573,0.122,0.012,0.001,0.000,0.000
,1020.0,90,1.4200,0.137E-01,0.080,0.165,0.60,0.1983,0.990,0.165,0.799,0.198,1.000,0.595,0.567,0.116,0.011,0.001,0.000,0.000
55555.6,90,1.8123,0.377E+00,0.080,0.165,0.60,0.0108,0.990,0.165,0.000,0.000,1.000,0.000,0.500,0.000,0.000,0.000,0.000,0.000
23529.4,90,1.7926,0.394E+00,0.080,0.165,0.60,0.0271,0.990,0.165,0.000,0.000,1.000,0.001,0.500,0.000,0.000,0.000,0.000,-0.000
17699.1,90,1.9542,0.666E+00,0.080,0.165,0.60,0.0514,0.990,0.165,0.000,0.001,1.000,0.002,0.500,0.000,0.000,0.000,0.000,0.000
15037.6,90,1.5722,0.269E+00,0.080,0.165,0.60,0.0349,0.990,0.165,0.000,0.001,1.000,0.003,0.500,0.001,0.000,0.000,0.000,0.000
13157.9,90,1.6818,0.227E+00,0.080,0.165,0.60,0.0309,0.990,0.165,0.001,0.001,1.000,0.004,0.500,0.001,0.000,0.000,0.000,0.000
11111.1,90,1.8154,0.557E+00,0.080,0.165,0.60,0.0788,0.990,0.165,0.001,0.002,1.000,0.006,0.500,0.001,0.000,0.000,0.000,0.000
,9708.7,90,1.8968,0.724E+00,0.080,0.165,0.60,0.1069,0.990,0.165,0.001,0.003,1.000,0.008,0.500,0.001,0.000,0.000,0.000,0.000
,8849.6,90,1.5905,0.805E+00,0.080,0.165,0.60,0.1680,0.990,0.165,0.001,0.003,1.000,0.008,0.500,0.001,0.000,0.000,0.000,0.000
,7782.1,90,1.0819,0.427E+00,0.080,0.165,0.60,0.1510,0.990,0.165,0.000,0.003,1.000,0.008,0.500,0.002,0.000,0.000,0.000,0.000
,6968.6,90,1.2648,0.119E+00,0.080,0.165,0.60,0.0417,0.990,0.165,0.001,0.004,1.000,0.012,0.500,0.003,0.000,0.000,0.000,0.000
,6097.6,90,1.4392,0.178E+00,0.080,0.165,0.60,0.0639,0.990,0.165,0.003,0.006,1.000,0.017,0.500,0.003,0.000,0.000,0.000,0.000
,5154.6,90,1.3947,0.131E+00,0.080,0.165,0.60,0.0580,0.990,0.165,0.005,0.008,1.000,0.023,0.500,0.005,0.000,0.000,0.000,0.000
,4618.9,90,1.4292,0.159E+00,0.080,0.165,0.60,0.0770,0.990,0.165,0.007,0.010,1.000,0.029,0.500,0.006,0.000,0.000,0.000,0.000
,4319.7,90,1.4226,0.148E+00,0.080,0.165,0.60,0.0772,0.990,0.165,0.008,0.011,1.000,0.033,0.500,0.007,0.000,0.000,0.000,0.000
,4016.1,90,1.4213,0.176E+00,0.080,0.165,0.60,0.0994,0.990,0.165,0.009,0.013,1.000,0.038,0.500,0.008,0.000,0.000,0.000,0.000
,3418.8,90,1.3373,0.207E+00,0.080,0.165,0.60,0.1458,0.990,0.165,0.009,0.017,1.000,0.050,0.500,0.010,0.000,0.000,0.000,0.000
,3444.7,90,1.3447,0.208E+00,0.080,0.165,0.60,0.1446,0.990,0.165,0.009,0.016,1.000,0.049,0.500,0.010,0.000,0.000,0.000,0.000
,2777.0,90,1.2968,0.202E-01,0.080,0.165,0.60,0.0198,0.990,0.165,0.088,0.025,1.000,0.075,0.501,0.016,0.000,0.000,0.000,0.000
,2320.2,90,1.3763,0.346E-02,0.080,0.165,0.60,0.0091,0.990,0.165,0.602,0.037,1.000,0.111,0.502,0.022,0.000,0.000,0.000,0.000
,2044.2,90,1.3966,0.455E-02,0.080,0.165,0.60,0.0155,0.990,0.165,0.646,0.048,1.000,0.144,0.504,0.029,0.001,0.000,0.000,0.000
,1778.4,90,1.4098,0.796E-02,0.080,0.165,0.60,0.0297,0.990,0.165,0.621,0.063,1.000,0.190,0.507,0.038,0.001,0.000,0.000,0.000
,1455.2,90,1.4183,0.120E-01,0.080,0.165,0.60,0.0639,0.990,0.165,0.658,0.095,1.000,0.286,0.516,0.056,0.003,0.000,0.000,0.000
,1270.3,90,1.4200,0.137E-01,0.080,0.165,0.60,0.1010,0.990,0.165,0.706,0.125,1.000,0.376,0.527,0.074,0.004,0.000,0.000,0.000
,944.3,90,1.4200,0.137E-01,0.080,0.165,0.60,0.2499,0.990,0.165,0.823,0.235,1.000,0.704,0.593,0.138,0.015,0.001,0.000,0.000
,693.5,90,1.4200,0.137E-01,0.080,0.165,0.60,0.5740,0.990,0.165,0.880,0.471,1.000,1.413,0.879,0.298,0.061,0.007,0.001,0.000
,527.1,90,1.4200,0.137E-01,0.080,0.165,0.60,1.2203,0.990,0.165,0.911,0.656,1.000,1.969,1.510,0.620,0.201,0.041,0.006,0.001
,399.8,90,1.4200,0.137E-01,0.080,0.165,0.60,2.0316,0.990,0.165,0.929,0.721,1.000,2.162,2.348,1.669,0.832,0.258,0.061,0.010
,329.1,90,1.4200,0.137E-01,0.080,0.165,0.60,2.8167,0.990,0.165,0.937,0.774,1.000,2.322,2.789,2.462,1.647,0.766,0.297,0.075
,229.8,90,1.4200,0.137E-01,0.080,0.165,0.60,3.9320,0.990,0.165,0.931,0.812,1.000,2.436,3.351,3.597,3.567,3.161,2.501,1.708
,7082.2,90,1.2291,0.131E+00,0.080,0.165,0.60,0.0462,0.990,0.165,0.001,0.004,1.000,0.011,0.500,0.002,0.000,0.000,0.000,0.000
,300.0,95,1.4200,0.137E-01,0.080,0.176,0.60,3.4391,0.990,0.176,0.936,0.797,1.000,2.392,3.122,3.125,2.671,1.921,1.010,0.328
,400.0,95,1.4200,0.137E-01,0.080,0.176,0.60,2.3341,0.990,0.176,0.931,0.755,1.000,2.264,2.543,2.036,1.113,0.380,0.103,0.020
,440.0,95,1.4200,0.137E-01,0.080,0.176,0.60,1.9269,0.990,0.176,0.929,0.704,1.000,2.113,2.247,1.501,0.719,0.215,0.048,0.008
,500.0,95,1.4200,0.137E-01,0.080,0.176,0.60,1.5769,0.990,0.176,0.924,0.661,1.000,1.982,1.810,0.906,0.357,0.089,0.015,0.002
,550.0,95,1.4200,0.137E-01,0.080,0.176,0.60,1.2998,0.990,0.176,0.915,0.658,1.000,1.974,1.568,0.665,0.224,0.048,0.007,0.001
,600.0,95,1.4200,0.137E-01,0.080,0.176,0.60,1.0264,0.990,0.176,0.903,0.643,1.000,1.928,1.361,0.525,0.154,0.028,0.003,0.000
,675.0,95,1.4200,0.137E-01,0.080,0.176,0.60,0.7343,0.990,0.176,0.890,0.564,1.000,1.691,1.072,0.385,0.094,0.014,0.001,0.000
,800.0,95,1.4200,0.137E-01,0.080,0.176,0.60,0.4741,0.990,0.176,0.871,0.398,1.000,1.195,0.768,0.243,0.043,0.004,0.000,0.000
,870.0,95,1.4200,0.137E-01,0.080,0.176,0.60,0.3808,0.990,0.176,0.858,0.329,1.000,0.986,0.681,0.196,0.029,0.003,0.000,0.000
,1000.0,95,1.4200,0.137E-01,0.080,0.176,0.60,0.2574,0.990,0.176,0.826,0.240,1.000,0.720,0.597,0.141,0.016,0.001,0.000,0.000
,1020.0,95,1.4200,0.137E-01,0.080,0.176,0.60,0.2428,0.990,0.176,0.820,0.230,1.000,0.689,0.589,0.135,0.015,0.001,0.000,0.000
55555.6,95,1.8123,0.377E+00,0.080,0.176,0.60,0.0115,0.990,0.176,0.000,0.000,1.000,0.000,0.500,0.000,0.000,0.000,0.000,0.000
23529.4,95,1.7926,0.394E+00,0.080,0.176,0.60,0.0290,0.990,0.176,0.000,0.000,1.000,0.001,0.500,0.000,0.000,0.000,0.000,-0.000
17699.1,95,1.9542,0.666E+00,0.080,0.176,0.60,0.0550,0.990,0.176,0.000,0.001,1.000,0.003,0.500,0.000,0.000,0.000,0.000,0.000
15037.6,95,1.5722,0.269E+00,0.080,0.176,0.60,0.0373,0.990,0.176,0.000,0.001,1.000,0.003,0.500,0.001,0.000,0.000,0.000,-0.000
13157.9,95,1.6818,0.227E+00,0.080,0.176,0.60,0.0331,0.990,0.176,0.001,0.002,1.000,0.005,0.500,0.001,0.000,0.000,0.000,-0.000
11111.1,95,1.8154,0.557E+00,0.080,0.176,0.60,0.0844,0.990,0.176,0.001,0.002,1.000,0.007,0.500,0.001,0.000,0.000,0.000,0.000
,9708.7,95,1.8968,0.724E+00,0.080,0.176,0.60,0.1146,0.990,0.176,0.001,0.003,1.000,0.009,0.500,0.001,0.000,0.000,0.000,0.000
,8849.6,95,1.5905,0.805E+00,0.080,0.176,0.60,0.1801,0.990,0.176,0.001,0.003,1.000,0.009,0.500,0.002,0.000,0.000,0.000,0.000
,7782.1,95,1.0819,0.427E+00,0.080,0.176,0.60,0.1616,0.990,0.176,0.001,0.003,1.000,0.010,0.500,0.002,0.000,0.000,0.000,0.000
,6968.6,95,1.2648,0.119E+00,0.080,0.176,0.60,0.0447,0.990,0.176,0.001,0.004,1.000,0.013,0.500,0.003,0.000,0.000,0.000,0.000
,6097.6,95,1.4392,0.178E+00,0.080,0.176,0.60,0.0686,0.990,0.176,0.003,0.006,1.000,0.019,0.500,0.004,0.000,0.000,0.000,0.000
,5154.6,95,1.3947,0.131E+00,0.080,0.176,0.60,0.0622,0.990,0.176,0.006,0.009,1.000,0.026,0.500,0.005,0.000,0.000,0.000,0.000
,4618.9,95,1.4292,0.159E+00,0.080,0.176,0.60,0.0827,0.990,0.176,0.008,0.011,1.000,0.033,0.500,0.007,0.000,0.000,0.000,0.000
,4319.7,95,1.4226,0.148E+00,0.080,0.176,0.60,0.0831,0.990,0.176,0.010,0.012,1.000,0.037,0.500,0.007,0.000,0.000,0.000,0.000
,4016.1,95,1.4213,0.176E+00,0.080,0.176,0.60,0.1069,0.990,0.176,0.011,0.014,1.000,0.043,0.500,0.009,0.000,0.000,0.000,0.000
,3418.8,95,1.3373,0.207E+00,0.080,0.176,0.60,0.1568,0.990,0.176,0.011,0.019,1.000,0.057,0.501,0.012,0.000,0.000,0.000,0.000
,3444.7,95,1.3447,0.208E+00,0.080,0.176,0.60,0.1556,0.990,0.176,0.011,0.019,1.000,0.057,0.501,0.012,0.000,0.000,0.000,0.000
,2777.0,95,1.2968,0.202E-01,0.080,0.176,0.60,0.0217,0.990,0.176,0.105,0.029,1.000,0.086,0.501,0.018,0.000,0.000,0.000,0.000
,2320.2,95,1.3763,0.346E-02,0.080,0.176,0.60,0.0111,0.990,0.176,0.647,0.042,1.000,0.127,0.503,0.026,0.001,0.000,0.000,0.000
,2044.2,95,1.3966,0.455E-02,0.080,0.176,0.60,0.0190,0.990,0.176,0.688,0.055,1.000,0.164,0.505,0.033,0.001,0.000,0.000,0.000
,1778.4,95,1.4098,0.796E-02,0.080,0.176,0.60,0.0363,0.990,0.176,0.662,0.073,1.000,0.218,0.509,0.043,0.002,0.000,0.000,0.000
,1455.2,95,1.4183,0.120E-01,0.080,0.176,0.60,0.0783,0.990,0.176,0.696,0.109,1.000,0.327,0.520,0.064,0.003,0.000,0.000,0.000
,1270.3,95,1.4200,0.137E-01,0.080,0.176,0.60,0.1242,0.990,0.176,0.738,0.144,1.000,0.432,0.535,0.085,0.006,0.000,0.000,0.000
,944.3,95,1.4200,0.137E-01,0.080,0.176,0.60,0.3038,0.990,0.176,0.840,0.273,1.000,0.818,0.625,0.161,0.020,0.001,0.000,0.000
,693.5,95,1.4200,0.137E-01,0.080,0.176,0.60,0.6830,0.990,0.176,0.887,0.538,1.000,1.615,1.011,0.358,0.083,0.011,0.001,0.000
,527.1,95,1.4200,0.137E-01,0.080,0.176,0.60,1.4306,0.990,0.176,0.919,0.658,1.000,1.975,1.670,0.757,0.273,0.063,0.010,0.001
,399.8,95,1.4200,0.137E-01,0.080,0.176,0.60,2.3365,0.990,0.176,0.931,0.755,1.000,2.265,2.544,2.038,1.115,0.381,0.104,0.020
,329.1,95,1.4200,0.137E-01,0.080,0.176,0.60,3.0131,0.990,0.176,0.936,0.778,1.000,2.335,2.951,2.715,2.062,1.188,0.539,0.151
,229.8,95,1.4200,0.137E-01,0.080,0.176,0.60,3.8879,0.990,0.176,0.930,0.809,1.000,2.426,3.343,3.684,3.700,3.467,2.873,2.159
,7082.2,95,1.2291,0.131E+00,0.080,0.176,0.60,0.0495,0.990,0.176,0.001,0.004,1.000,0.013,0.500,0.003,0.000,0.000,0.000,0.000
,300.0,99,1.4200,0.137E-01,0.080,0.176,0.60,3.4391,0.990,0.176,0.936,0.797,1.000,2.392,3.122,3.125,2.671,1.921,1.010,0.328
,400.0,99,1.4200,0.137E-01,0.080,0.176,0.60,2.3341,0.990,0.176,0.931,0.755,1.000,2.264,2.543,2.036,1.113,0.380,0.103,0.020
,440.0,99,1.4200,0.137E-01,0.080,0.176,0.60,1.9269,0.990,0.176,0.929,0.704,1.000,2.113,2.247,1.501,0.719,0.215,0.048,0.008
,500.0,99,1.4200,0.137E-01,0.080,0.176,0.60,1.5769,0.990,0.176,0.924,0.661,1.000,1.982,1.810,0.906,0.357,0.089,0.015,0.002
,550.0,99,1.4200,0.137E-01,0.080,0.176,0.60,1.2998,0.990,0.176,0.915,0.658,1.000,1.974,1.568,0.665,0.224,0.048,0.007,0.001
,600.0,99,1.4200,0.137E-01,0.080,0.176,0.60,1.0264,0.990,0.176,0.903,0.643,1.000,1.928,1.361,0.525,0.154,0.028,0.003,0.000
,675.0,99,1.4200,0.137E-01,0.080,0.176,0.60,0.7343,0.990,0.176,0.890,0.564,1.000,1.691,1.072,0.385,0.094,0.014,0.001,0.000
,800.0,99,1.4200,0.137E-01,0.080,0.176,0.60,0.4741,0.990,0.176,0.871,0.398,1.000,1.195,0.768,0.243,0.043,0.004,0.000,0.000
,870.0,99,1.4200,0.137E-01,0.080,0.176,0.60,0.3808,0.990,0.176,0.858,0.329,1.000,0.986,0.681,0.196,0.029,0.003,0.000,0.000
,1000.0,99,1.4200,0.137E-01,0.080,0.176,0.60,0.2574,0.990,0.176,0.826,0.240,1.000,0.720,0.597,0.141,0.016,0.001,0.000,0.000
,1020.0,99,1.4200,0.137E-01,0.080,0.176,0.60,0.2428,0.990,0.176,0.820,0.230,1.000,0.689,0.589,0.135,0.015,0.001,0.000,0.000
55555.6,99,1.8123,0.377E+00,0.080,0.176,0.60,0.0115,0.990,0.176,0.000,0.000,1.000,0.000,0.500,0.000,0.000,0.000,0.000,0.000
23529.4,99,1.7926,0.394E+00,0.080,0.176,0.60,0.0290,0.990,0.176,0.000,0.000,1.000,0.001,0.500,0.000,0.000,0.000,0.000,-0.000
17699.1,99,1.9542,0.666E+00,0.080,0.176,0.60,0.0550,0.990,0.176,0.000,0.001,1.000,0.003,0.500,0.000,0.000,0.000,0.000,0.000
15037.6,99,1.5722,0.269E+00,0.080,0.176,0.60,0.0373,0.990,0.176,0.000,0.001,1.000,0.003,0.500,0.001,0.000,0.000,0.000,-0.000
13157.9,99,1.6818,0.227E+00,0.080,0.176,0.60,0.0331,0.990,0.176,0.001,0.002,1.000,0.005,0.500,0.001,0.000,0.000,0.000,-0.000
11111.1,99,1.8154,0.557E+00,0.080,0.176,0.60,0.0844,0.990,0.176,0.001,0.002,1.000,0.007,0.500,0.001,0.000,0.000,0.000,0.000
,9708.7,99,1.8968,0.724E+00,0.080,0.176,0.60,0.1146,0.990,0.176,0.001,0.003,1.000,0.009,0.500,0.001,0.000,0.000,0.000,0.000
,8849.6,99,1.5905,0.805E+00,0.080,0.176,0.60,0.1801,0.990,0.176,0.001,0.003,1.000,0.009,0.500,0.002,0.000,0.000,0.000,0.000
,7782.1,99,1.0819,0.427E+00,0.080,0.176,0.60,0.1616,0.990,0.176,0.001,0.003,1.000,0.010,0.500,0.002,0.000,0.000,0.000,0.000
,6968.6,99,1.2648,0.119E+00,0.080,0.176,0.60,0.0447,0.990,0.176,0.001,0.004,1.000,0.013,0.500,0.003,0.000,0.000,0.000,0.000
,6097.6,99,1.4392,0.178E+00,0.080,0.176,0.60,0.0686,0.990,0.176,0.003,0.006,1.000,0.019,0.500,0.004,0.000,0.000,0.000,0.000
,5154.6,99,1.3947,0.131E+00,0.080,0.176,0.60,0.0622,0.990,0.176,0.006,0.009,1.000,0.026,0.500,0.005,0.000,0.000,0.000,0.000
,4618.9,99,1.4292,0.159E+00,0.080,0.176,0.60,0.0827,0.990,0.176,0.008,0.011,1.000,0.033,0.500,0.007,0.000,0.000,0.000,0.000
,4319.7,99,1.4226,0.148E+00,0.080,0.176,0.60,0.0831,0.990,0.176,0.010,0.012,1.000,0.037,0.500,0.007,0.000,0.000,0.000,0.000
,4016.1,99,1.4213,0.176E+00,0.080,0.176,0.60,0.1069,0.990,0.176,0.011,0.014,1.000,0.043,0.500,0.009,0.000,0.000,0.000,0.000
,3418.8,99,1.3373,0.207E+00,0.080,0.176,0.60,0.1568,0.990,0.176,0.011,0.019,1.000,0.057,0.501,0.012,0.000,0.000,0.000,0.000
,3444.7,99,1.3447,0.208E+00,0.080,0.176,0.60,0.1556,0.990,0.176,0.011,0.019,1.000,0.057,0.501,0.012,0.000,0.000,0.000,0.000
,2777.0,99,1.2968,0.202E-01,0.080,0.176,0.60,0.0217,0.990,0.176,0.105,0.029,1.000,0.086,0.501,0.018,0.000,0.000,0.000,0.000
,2320.2,99,1.3763,0.346E-02,0.080,0.176,0.60,0.0111,0.990,0.176,0.647,0.042,1.000,0.127,0.503,0.026,0.001,0.000,0.000,0.000
,2044.2,99,1.3966,0.455E-02,0.080,0.176,0.60,0.0190,0.990,0.176,0.688,0.055,1.000,0.164,0.505,0.033,0.001,0.000,0.000,0.000
,1778.4,99,1.4098,0.796E-02,0.080,0.176,0.60,0.0363,0.990,0.176,0.662,0.073,1.000,0.218,0.509,0.043,0.002,0.000,0.000,0.000
,1455.2,99,1.4183,0.120E-01,0.080,0.176,0.60,0.0783,0.990,0.176,0.696,0.109,1.000,0.327,0.520,0.064,0.003,0.000,0.000,0.000
,1270.3,99,1.4200,0.137E-01,0.080,0.176,0.60,0.1242,0.990,0.176,0.738,0.144,1.000,0.432,0.535,0.085,0.006,0.000,0.000,0.000
,944.3,99,1.4200,0.137E-01,0.080,0.176,0.60,0.3038,0.990,0.176,0.840,0.273,1.000,0.818,0.625,0.161,0.020,0.001,0.000,0.000
,693.5,99,1.4200,0.137E-01,0.080,0.176,0.60,0.6830,0.990,0.176,0.887,0.538,1.000,1.615,1.011,0.358,0.083,0.011,0.001,0.000
,527.1,99,1.4200,0.137E-01,0.080,0.176,0.60,1.4306,0.990,0.176,0.919,0.658,1.000,1.975,1.670,0.757,0.273,0.063,0.010,0.001
,399.8,99,1.4200,0.137E-01,0.080,0.176,0.60,2.3365,0.990,0.176,0.931,0.755,1.000,2.265,2.544,2.038,1.115,0.381,0.104,0.020
,329.1,99,1.4200,0.137E-01,0.080,0.176,0.60,3.0131,0.990,0.176,0.936,0.778,1.000,2.335,2.951,2.715,2.062,1.188,0.539,0.151
,229.8,99,1.4200,0.137E-01,0.080,0.176,0.60,3.8879,0.990,0.176,0.930,0.809,1.000,2.426,3.343,3.684,3.700,3.467,2.873,2.159
,7082.2,99,1.2291,0.131E+00,0.080,0.176,0.60,0.0495,0.990,0.176,0.001,0.004,1.000,0.013,0.500,0.003,0.000,0.000,0.000,0.000
