,h2so4,RRTMG,LUT,interpolated,from,GADS,(DAR,09/2013)
,V0.1,-,contains,Fast-J,wavelengths,but,is,the,same,as,the,original,jv_spec.dat,values
,w(nm),RH,,N,,iK,RgDry,RgWet,Sg,,Q,Alpha,r-eff,ss-alb,g-sym,pi(0),pi(1),pi(2),pi(3),pi(4),pi(5),pi(6),pi(7)
,300.0,0,1.3326,0.000E+00,3.226,3.226,0.60,1.9956,0.990,3.226,1.000,0.859,1.000,2.577,3.906,4.581,5.186,5.740,6.262,6.966
,400.0,0,1.3326,0.000E+00,3.226,3.226,0.60,2.0372,0.990,3.226,1.000,0.848,1.000,2.544,3.850,4.478,5.032,5.621,6.111,6.796
,440.0,0,1.3326,0.000E+00,3.226,3.226,0.60,2.3143,0.990,3.226,1.000,0.832,1.000,2.495,3.853,4.542,5.327,6.034,6.732,7.511
,500.0,0,1.3326,0.000E+00,3.226,3.226,0.60,2.0015,0.990,3.226,1.000,0.815,1.000,2.445,3.701,4.220,4.807,5.276,5.693,6.202
,550.0,0,1.3326,0.000E+00,3.226,3.226,0.60,2.2530,0.990,3.226,1.000,0.858,1.000,2.574,3.934,4.673,5.425,6.033,6.645,7.327
,600.0,0,1.3326,0.000E+00,3.226,3.226,0.60,2.3251,0.990,3.226,1.000,0.824,1.000,2.473,3.808,4.465,5.232,5.993,6.632,7.361
,675.0,0,1.3326,0.000E+00,3.226,3.226,0.60,1.9619,0.990,3.226,1.000,0.827,1.000,2.480,3.691,4.154,4.580,4.963,5.322,5.798
,800.0,0,1.3326,0.000E+00,3.226,3.226,0.60,2.5527,0.990,3.226,1.000,0.831,1.000,2.493,3.831,4.522,5.228,6.053,6.702,7.525
,870.0,0,1.3326,0.000E+00,3.226,3.226,0.60,2.2819,0.990,3.226,1.000,0.815,1.000,2.444,3.681,4.187,4.790,5.230,5.689,6.139
,1000.0,0,1.3326,0.000E+00,3.226,3.226,0.60,1.8637,0.990,3.226,1.000,0.814,1.000,2.443,3.579,3.904,4.278,4.297,4.334,4.332
,1020.0,0,1.3326,0.000E+00,3.226,3.226,0.60,2.0420,0.990,3.226,1.000,0.790,1.000,2.369,3.553,3.959,4.478,4.666,4.797,4.781
55555.6,0,1.1684,0.258E+00,3.226,3.226,0.60,0.2407,0.990,3.226,0.008,0.023,1.000,0.068,0.501,0.016,0.000,0.000,0.000,0.000
23529.4,0,1.1684,0.258E+00,3.226,3.226,0.60,0.5958,0.990,3.226,0.073,0.134,1.000,0.401,0.533,0.093,0.007,0.000,0.000,0.000
17699.1,0,1.1684,0.258E+00,3.226,3.226,0.60,0.7901,0.990,3.226,0.126,0.252,1.000,0.757,0.615,0.183,0.025,0.002,0.000,0.000
15037.6,0,1.1684,0.258E+00,3.226,3.226,0.60,0.9171,0.990,3.226,0.159,0.362,1.000,1.087,0.742,0.281,0.054,0.006,0.000,0.000
13157.9,0,1.1684,0.258E+00,3.226,3.226,0.60,1.0303,0.990,3.226,0.185,0.475,1.000,1.424,0.938,0.409,0.103,0.015,0.001,0.000
11111.1,0,1.1796,0.164E+00,3.226,3.226,0.60,0.8792,0.990,3.226,0.221,0.613,1.000,1.840,1.318,0.625,0.201,0.039,0.005,0.000
,9708.7,0,1.3159,0.103E+00,3.226,3.226,0.60,1.1835,0.990,3.226,0.490,0.697,1.000,2.091,1.772,0.879,0.327,0.079,0.013,0.001
,8849.6,0,1.2787,0.149E+00,3.226,3.226,0.60,1.3496,0.990,3.226,0.402,0.728,1.000,2.185,2.122,1.232,0.528,0.155,0.031,0.004
,7782.1,0,1.2991,0.655E-01,3.226,3.226,0.60,1.3612,0.990,3.226,0.630,0.750,1.000,2.249,2.462,1.688,0.823,0.282,0.070,0.013
,6968.6,0,1.3311,0.555E-01,3.226,3.226,0.60,1.8056,0.990,3.226,0.717,0.793,1.000,2.378,2.759,2.289,1.331,0.537,0.166,0.037
,6097.6,0,1.3533,0.119E+00,3.226,3.226,0.60,2.3341,0.990,3.226,0.595,0.831,1.000,2.493,3.157,3.016,2.279,1.293,0.556,0.170
,5154.6,0,1.3366,0.293E-01,3.226,3.226,0.60,2.7349,0.990,3.226,0.852,0.839,1.000,2.516,3.347,3.462,3.037,2.260,1.287,0.520
,4618.9,0,1.3577,0.343E-01,3.226,3.226,0.60,3.1970,0.990,3.226,0.838,0.852,1.000,2.555,3.497,3.808,3.623,3.053,2.209,1.282
,4319.7,0,1.3621,0.267E-01,3.226,3.226,0.60,3.4810,0.990,3.226,0.869,0.850,1.000,2.550,3.546,3.915,3.900,3.478,2.782,1.918
,4016.1,0,1.3799,0.213E-01,3.226,3.226,0.60,3.6826,0.990,3.226,0.891,0.838,1.000,2.515,3.513,3.960,4.010,3.802,3.234,2.524
,3418.8,0,1.4670,0.487E-01,3.226,3.226,0.60,3.0754,0.990,3.226,0.700,0.796,1.000,2.389,3.316,3.741,4.047,4.267,4.261,4.272
,3444.7,0,1.4602,0.438E-01,3.226,3.226,0.60,3.1542,0.990,3.226,0.727,0.794,1.000,2.382,3.315,3.732,4.015,4.213,4.169,4.158
,2777.0,0,1.1248,0.530E-01,3.226,3.226,0.60,1.7161,0.990,3.226,0.562,0.948,1.000,2.844,4.359,5.465,6.155,6.440,6.351,5.942
,2320.2,0,1.2971,0.000E+00,3.226,3.226,0.60,3.3196,0.990,3.226,1.000,0.838,1.000,2.513,3.655,4.249,4.647,4.836,4.954,5.043
,2044.2,0,1.3176,0.000E+00,3.226,3.226,0.60,2.4465,0.990,3.226,1.000,0.735,1.000,2.204,3.091,3.172,3.189,3.116,3.122,3.173
,1778.4,0,1.3291,0.000E+00,3.226,3.226,0.60,1.7713,0.990,3.226,1.000,0.617,1.000,1.850,2.486,2.077,1.957,1.657,1.598,1.679
,1455.2,0,1.3326,0.000E+00,3.226,3.226,0.60,2.4281,0.990,3.226,1.000,0.729,1.000,2.187,3.371,3.736,4.477,4.964,5.561,6.129
,1270.3,0,1.3326,0.000E+00,3.226,3.226,0.60,2.8170,0.990,3.226,1.000,0.829,1.000,2.488,3.861,4.621,5.525,6.245,7.004,7.642
,944.3,0,1.3326,0.000E+00,3.226,3.226,0.60,1.8878,0.990,3.226,1.000,0.799,1.000,2.398,3.530,3.871,4.199,4.235,4.233,4.209
,693.5,0,1.3326,0.000E+00,3.226,3.226,0.60,2.0381,0.990,3.226,1.000,0.835,1.000,2.505,3.735,4.262,4.740,5.178,5.593,6.134
,527.1,0,1.3326,0.000E+00,3.226,3.226,0.60,2.0606,0.990,3.226,1.000,0.844,1.000,2.533,3.831,4.443,5.049,5.485,5.941,6.496
,399.8,0,1.3326,0.000E+00,3.226,3.226,0.60,2.0347,0.990,3.226,1.000,0.850,1.000,2.550,3.858,4.490,5.044,5.625,6.113,6.793
,329.1,0,1.3326,0.000E+00,3.226,3.226,0.60,2.1302,0.990,3.226,1.000,0.869,1.000,2.606,3.972,4.716,5.368,6.028,6.613,7.394
,229.8,0,1.3326,0.000E+00,3.226,3.226,0.60,2.0209,0.990,3.226,1.000,0.867,1.000,2.602,3.958,4.676,5.280,5.913,6.458,7.235
,7082.2,0,1.3270,0.562E-01,3.226,3.226,0.60,1.7322,0.990,3.226,0.708,0.787,1.000,2.361,2.722,2.206,1.248,0.490,0.146,0.032
,300.0,50,1.3797,0.114E-01,3.226,4.835,0.60,2.0842,0.990,4.835,0.539,0.962,1.000,2.885,4.708,6.472,8.214,9.941,11.651,13.341
,400.0,50,1.3797,0.114E-01,3.226,4.835,0.60,2.0953,0.990,4.835,0.549,0.956,1.000,2.867,4.635,6.317,7.970,9.609,11.231,12.830
,440.0,50,1.3797,0.114E-01,3.226,4.835,0.60,2.1007,0.990,4.835,0.554,0.953,1.000,2.859,4.603,6.248,7.863,9.460,11.042,12.601
,500.0,50,1.3797,0.114E-01,3.226,4.835,0.60,2.1034,0.990,4.835,0.563,0.948,1.000,2.843,4.550,6.133,7.690,9.226,10.749,12.242
,550.0,50,1.3797,0.114E-01,3.226,4.835,0.60,2.1699,0.990,4.835,0.583,0.947,1.000,2.840,4.532,6.089,7.617,9.124,10.622,12.095
,600.0,50,1.3797,0.114E-01,3.226,4.835,0.60,2.1179,0.990,4.835,0.580,0.940,1.000,2.819,4.467,5.956,7.416,8.843,10.259,11.646
,675.0,50,1.3797,0.114E-01,3.226,4.835,0.60,2.1404,0.990,4.835,0.596,0.934,1.000,2.801,4.409,5.832,7.234,8.601,9.954,11.271
,800.0,50,1.3797,0.114E-01,3.226,4.835,0.60,2.2179,0.990,4.835,0.629,0.928,1.000,2.784,4.352,5.695,7.019,8.294,9.578,10.836
,870.0,50,1.3797,0.114E-01,3.226,4.835,0.60,2.0884,0.990,4.835,0.617,0.916,1.000,2.747,4.241,5.467,6.669,7.796,8.925,10.028
,1000.0,50,1.3797,0.114E-01,3.226,4.835,0.60,2.3198,0.990,4.835,0.667,0.913,1.000,2.740,4.254,5.505,6.773,7.955,9.117,10.217
,1020.0,50,1.3797,0.114E-01,3.226,4.835,0.60,2.2919,0.990,4.835,0.668,0.911,1.000,2.732,4.235,5.448,6.683,7.827,8.965,10.024
55555.6,50,1.7343,0.386E+00,3.226,4.835,0.60,0.4693,0.990,4.835,0.108,0.065,1.000,0.194,0.506,0.032,0.001,0.000,0.000,0.000
23529.4,50,1.7349,0.395E+00,3.226,4.835,0.60,2.0730,0.990,4.835,0.408,0.430,1.000,1.289,0.750,0.221,0.038,0.004,0.000,0.000
17699.1,50,1.7588,0.446E+00,3.226,4.835,0.60,2.6969,0.990,4.835,0.464,0.595,1.000,1.786,1.255,0.620,0.210,0.035,0.004,0.000
15037.6,50,1.5027,0.362E+00,3.226,4.835,0.60,2.2882,0.990,4.835,0.421,0.682,1.000,2.047,1.815,1.019,0.418,0.101,0.016,0.002
13157.9,50,1.5337,0.292E+00,3.226,4.835,0.60,2.5411,0.990,4.835,0.484,0.730,1.000,2.191,2.284,1.539,0.732,0.225,0.048,0.007
11111.1,50,1.5882,0.344E+00,3.226,4.835,0.60,2.8150,0.990,4.835,0.491,0.776,1.000,2.329,2.778,2.403,1.520,0.727,0.249,0.054
,9708.7,50,1.6413,0.508E+00,3.226,4.835,0.60,2.7688,0.990,4.835,0.464,0.792,1.000,2.377,3.066,3.073,2.435,1.556,0.774,0.261
,8849.6,50,1.4307,0.516E+00,3.226,4.835,0.60,2.5409,0.990,4.835,0.443,0.820,1.000,2.459,3.280,3.398,2.926,2.023,1.133,0.483
,7782.1,50,1.2466,0.243E+00,3.226,4.835,0.60,2.1061,0.990,4.835,0.425,0.871,1.000,2.612,3.578,3.819,3.453,2.600,1.565,0.741
,6968.6,50,1.3269,0.172E+00,3.226,4.835,0.60,2.5325,0.990,4.835,0.528,0.883,1.000,2.649,3.710,4.156,4.043,3.486,2.568,1.531
,6097.6,50,1.4180,0.218E+00,3.226,4.835,0.60,2.7228,0.990,4.835,0.513,0.885,1.000,2.656,3.832,4.511,4.753,4.605,4.108,3.292
,5154.6,50,1.3078,0.147E+00,3.226,4.835,0.60,2.6657,0.990,4.835,0.548,0.913,1.000,2.738,4.048,4.905,5.352,5.426,5.171,4.613
,4618.9,50,1.3434,0.122E+00,3.226,4.835,0.60,2.7983,0.990,4.835,0.569,0.908,1.000,2.725,4.039,4.954,5.533,5.820,5.836,5.603
,4319.7,50,1.3490,0.116E+00,3.226,4.835,0.60,2.7607,0.990,4.835,0.560,0.908,1.000,2.724,4.057,5.007,5.656,6.040,6.188,6.111
,4016.1,50,1.3559,0.107E+00,3.226,4.835,0.60,2.6834,0.990,4.835,0.549,0.904,1.000,2.712,4.036,5.006,5.705,6.175,6.441,6.514
,3418.8,50,1.3709,0.124E+00,3.226,4.835,0.60,2.4307,0.990,4.835,0.486,0.914,1.000,2.742,4.173,5.308,6.217,6.920,7.423,7.732
,3444.7,50,1.3700,0.120E+00,3.226,4.835,0.60,2.4406,0.990,4.835,0.489,0.912,1.000,2.737,4.155,5.272,6.162,6.851,7.342,7.642
,2777.0,50,1.1943,0.474E-01,3.226,4.835,0.60,2.8504,0.990,4.835,0.672,0.950,1.000,2.850,4.431,5.720,6.742,7.527,8.107,8.505
,2320.2,50,1.3325,0.980E-03,3.226,4.835,0.60,2.1248,0.990,4.835,0.971,0.688,1.000,2.064,3.083,3.180,3.696,3.917,4.373,4.778
,2044.2,50,1.3546,0.233E-02,3.226,4.835,0.60,2.8361,0.990,4.835,0.947,0.822,1.000,2.465,3.816,4.581,5.551,6.279,7.087,7.707
,1778.4,50,1.3679,0.541E-02,3.226,4.835,0.60,2.3277,0.990,4.835,0.847,0.828,1.000,2.485,3.744,4.417,5.249,5.704,6.159,6.467
,1455.2,50,1.3775,0.919E-02,3.226,4.835,0.60,2.2981,0.990,4.835,0.754,0.877,1.000,2.632,3.951,4.824,5.682,6.383,7.161,7.919
,1270.3,50,1.3797,0.114E-01,3.226,4.835,0.60,2.3571,0.990,4.835,0.706,0.896,1.000,2.688,4.103,5.176,6.266,7.286,8.343,9.385
,944.3,50,1.3797,0.114E-01,3.226,4.835,0.60,2.2766,0.990,4.835,0.655,0.917,1.000,2.750,4.277,5.542,6.813,7.987,9.160,10.270
,693.5,50,1.3797,0.114E-01,3.226,4.835,0.60,2.0993,0.990,4.835,0.591,0.930,1.000,2.790,4.375,5.760,7.127,8.461,9.785,11.069
,527.1,50,1.3797,0.114E-01,3.226,4.835,0.60,2.1405,0.990,4.835,0.574,0.947,1.000,2.842,4.539,6.108,7.649,9.171,10.681,12.165
,399.8,50,1.3797,0.114E-01,3.226,4.835,0.60,2.0951,0.990,4.835,0.549,0.956,1.000,2.867,4.635,6.317,7.971,9.610,11.232,12.831
,329.1,50,1.3797,0.114E-01,3.226,4.835,0.60,2.0893,0.990,4.835,0.541,0.960,1.000,2.881,4.689,6.432,8.151,9.855,11.543,13.208
,229.8,50,1.3797,0.114E-01,3.226,4.835,0.60,2.0767,0.990,4.835,0.536,0.965,1.000,2.894,4.743,6.549,8.336,10.109,11.868,13.610
,7082.2,50,1.3166,0.180E+00,3.226,4.835,0.60,2.4627,0.990,4.835,0.515,0.882,1.000,2.646,3.695,4.115,3.960,3.360,2.403,1.380
,300.0,70,1.4179,0.173E-01,3.226,5.394,0.60,2.0843,0.990,5.394,0.536,0.961,1.000,2.883,4.727,6.529,8.308,10.069,11.810,13.532
,400.0,70,1.4179,0.173E-01,3.226,5.394,0.60,2.0982,0.990,5.394,0.535,0.959,1.000,2.878,4.707,6.483,8.232,9.958,11.659,13.333
,440.0,70,1.4179,0.173E-01,3.226,5.394,0.60,2.1031,0.990,5.394,0.535,0.958,1.000,2.875,4.695,6.458,8.191,9.900,11.582,13.235
,500.0,70,1.4179,0.173E-01,3.226,5.394,0.60,2.1179,0.990,5.394,0.538,0.957,1.000,2.871,4.675,6.415,8.125,9.807,11.461,13.081
,550.0,70,1.4179,0.173E-01,3.226,5.394,0.60,2.1148,0.990,5.394,0.538,0.955,1.000,2.865,4.652,6.367,8.048,9.701,11.324,12.911
,600.0,70,1.4179,0.173E-01,3.226,5.394,0.60,2.1355,0.990,5.394,0.543,0.953,1.000,2.860,4.633,6.326,7.986,9.616,11.213,12.770
,675.0,70,1.4179,0.173E-01,3.226,5.394,0.60,2.1662,0.990,5.394,0.553,0.951,1.000,2.853,4.601,6.258,7.880,9.472,11.035,12.555
,800.0,70,1.4179,0.173E-01,3.226,5.394,0.60,2.1906,0.990,5.394,0.564,0.945,1.000,2.835,4.538,6.127,7.684,9.196,10.676,12.102
,870.0,70,1.4179,0.173E-01,3.226,5.394,0.60,2.1339,0.990,5.394,0.557,0.937,1.000,2.812,4.467,5.986,7.479,8.924,10.337,11.682
,1000.0,70,1.4179,0.173E-01,3.226,5.394,0.60,2.1921,0.990,5.394,0.579,0.933,1.000,2.799,4.414,5.868,7.288,8.661,10.016,11.322
,1020.0,70,1.4179,0.173E-01,3.226,5.394,0.60,2.1600,0.990,5.394,0.574,0.930,1.000,2.791,4.390,5.817,7.210,8.549,9.874,11.141
55555.6,70,1.8355,0.478E+00,3.226,5.394,0.60,0.6645,0.990,5.394,0.151,0.084,1.000,0.253,0.510,0.039,0.001,0.000,0.000,0.000
23529.4,70,1.8130,0.494E+00,3.226,5.394,0.60,2.5927,0.990,5.394,0.437,0.498,1.000,1.494,0.874,0.324,0.076,0.009,0.001,0.000
17699.1,70,1.9871,0.642E+00,3.226,5.394,0.60,3.0890,0.990,5.394,0.468,0.638,1.000,1.913,1.640,1.049,0.486,0.106,0.016,0.001
15037.6,70,1.5717,0.318E+00,3.226,5.394,0.60,2.6265,0.990,5.394,0.483,0.721,1.000,2.164,2.213,1.466,0.686,0.203,0.041,0.006
13157.9,70,1.6893,0.278E+00,3.226,5.394,0.60,3.0999,0.990,5.394,0.547,0.750,1.000,2.249,2.564,2.090,1.203,0.494,0.148,0.027
11111.1,70,1.7564,0.559E+00,3.226,5.394,0.60,2.8186,0.990,5.394,0.466,0.775,1.000,2.325,2.973,2.964,2.300,1.469,0.729,0.235
,9708.7,70,1.8590,0.755E+00,3.226,5.394,0.60,2.7341,0.990,5.394,0.477,0.774,1.000,2.321,3.130,3.304,3.003,2.213,1.417,0.746
,8849.6,70,1.6034,0.777E+00,3.226,5.394,0.60,2.6504,0.990,5.394,0.475,0.798,1.000,2.394,3.304,3.631,3.460,2.849,1.963,1.170
,7782.1,70,1.1347,0.407E+00,3.226,5.394,0.60,2.1151,0.990,5.394,0.411,0.870,1.000,2.611,3.694,4.159,4.063,3.506,2.591,1.597
,6968.6,70,1.2809,0.172E+00,3.226,5.394,0.60,2.4126,0.990,5.394,0.509,0.900,1.000,2.700,3.885,4.500,4.602,4.240,3.520,2.523
,6097.6,70,1.4549,0.217E+00,3.226,5.394,0.60,2.6704,0.990,5.394,0.499,0.887,1.000,2.661,3.899,4.706,5.140,5.240,5.012,4.519
,5154.6,70,1.3515,0.151E+00,3.226,5.394,0.60,2.6908,0.990,5.394,0.534,0.911,1.000,2.733,4.075,5.024,5.633,5.941,5.968,5.735
,4618.9,70,1.4025,0.150E+00,3.226,5.394,0.60,2.5493,0.990,5.394,0.498,0.904,1.000,2.712,4.068,5.086,5.829,6.319,6.576,6.604
,4319.7,70,1.4035,0.143E+00,3.226,5.394,0.60,2.4900,0.990,5.394,0.487,0.906,1.000,2.718,4.104,5.167,5.979,6.556,6.908,7.047
,4016.1,70,1.4100,0.161E+00,3.226,5.394,0.60,2.4232,0.990,5.394,0.474,0.915,1.000,2.746,4.210,5.384,6.307,6.993,7.445,7.665
,3418.8,70,1.3584,0.195E+00,3.226,5.394,0.60,2.3640,0.990,5.394,0.478,0.935,1.000,2.804,4.387,5.716,6.812,7.682,8.330,8.762
,3444.7,70,1.3646,0.194E+00,3.226,5.394,0.60,2.3667,0.990,5.394,0.477,0.934,1.000,2.801,4.380,5.704,6.794,7.657,8.296,8.719
,2777.0,70,1.2728,0.350E-01,3.226,5.394,0.60,2.2770,0.990,5.394,0.595,0.877,1.000,2.632,3.836,4.629,5.221,5.703,6.136,6.507
,2320.2,70,1.3750,0.847E-02,3.226,5.394,0.60,2.7732,0.990,5.394,0.835,0.848,1.000,2.545,3.931,4.861,5.951,6.759,7.586,8.242
,2044.2,70,1.3969,0.106E-01,3.226,5.394,0.60,2.1572,0.990,5.394,0.732,0.851,1.000,2.553,3.761,4.432,5.152,5.565,5.951,6.197
,1778.4,70,1.4077,0.133E-01,3.226,5.394,0.60,2.2585,0.990,5.394,0.695,0.877,1.000,2.631,3.933,4.824,5.738,6.482,7.298,8.041
,1455.2,70,1.4162,0.160E-01,3.226,5.394,0.60,2.1799,0.990,5.394,0.623,0.892,1.000,2.677,4.081,5.192,6.354,7.420,8.484,9.427
,1270.3,70,1.4179,0.173E-01,3.226,5.394,0.60,2.2603,0.990,5.394,0.610,0.918,1.000,2.753,4.292,5.618,6.948,8.169,9.359,10.440
,944.3,70,1.4179,0.173E-01,3.226,5.394,0.60,2.2367,0.990,5.394,0.583,0.938,1.000,2.815,4.466,5.972,7.451,8.888,10.304,11.663
,693.5,70,1.4179,0.173E-01,3.226,5.394,0.60,2.1473,0.990,5.394,0.550,0.949,1.000,2.848,4.585,6.225,7.830,9.402,10.946,12.446
,527.1,70,1.4179,0.173E-01,3.226,5.394,0.60,2.1265,0.990,5.394,0.540,0.956,1.000,2.869,4.665,6.395,8.092,9.762,11.403,13.009
,399.8,70,1.4179,0.173E-01,3.226,5.394,0.60,2.0982,0.990,5.394,0.535,0.959,1.000,2.878,4.707,6.483,8.233,9.958,11.659,13.333
,329.1,70,1.4179,0.173E-01,3.226,5.394,0.60,2.0915,0.990,5.394,0.536,0.961,1.000,2.882,4.723,6.519,8.292,10.044,11.775,13.484
,229.8,70,1.4179,0.173E-01,3.226,5.394,0.60,2.0709,0.990,5.394,0.537,0.962,1.000,2.885,4.735,6.547,8.341,10.121,11.887,13.638
,7082.2,70,1.2553,0.183E+00,3.226,5.394,0.60,2.2773,0.990,5.394,0.482,0.901,1.000,2.702,3.882,4.476,4.533,4.118,3.341,2.305
,300.0,80,1.4200,0.137E-01,3.226,5.799,0.60,2.0786,0.990,5.799,0.537,0.960,1.000,2.881,4.722,6.520,8.297,10.059,11.803,13.529
,400.0,80,1.4200,0.137E-01,3.226,5.799,0.60,2.0922,0.990,5.799,0.538,0.958,1.000,2.874,4.691,6.454,8.192,9.912,11.611,13.285
,440.0,80,1.4200,0.137E-01,3.226,5.799,0.60,2.1007,0.990,5.799,0.541,0.957,1.000,2.870,4.675,6.420,8.139,9.839,11.517,13.168
,500.0,80,1.4200,0.137E-01,3.226,5.799,0.60,2.1255,0.990,5.799,0.548,0.955,1.000,2.865,4.651,6.368,8.058,9.727,11.374,12.992
,550.0,80,1.4200,0.137E-01,3.226,5.799,0.60,2.1337,0.990,5.799,0.552,0.953,1.000,2.858,4.624,6.311,7.972,9.611,11.229,12.813
,600.0,80,1.4200,0.137E-01,3.226,5.799,0.60,2.1142,0.990,5.799,0.551,0.949,1.000,2.848,4.588,6.236,7.856,9.451,11.026,12.567
,675.0,80,1.4200,0.137E-01,3.226,5.799,0.60,2.1123,0.990,5.799,0.556,0.944,1.000,2.833,4.536,6.129,7.697,9.237,10.753,12.229
,800.0,80,1.4200,0.137E-01,3.226,5.799,0.60,2.1331,0.990,5.799,0.572,0.937,1.000,2.812,4.462,5.970,7.456,8.899,10.333,11.721
,870.0,80,1.4200,0.137E-01,3.226,5.799,0.60,2.1914,0.990,5.799,0.590,0.936,1.000,2.807,4.442,5.926,7.391,8.812,10.216,11.572
,1000.0,80,1.4200,0.137E-01,3.226,5.799,0.60,2.2278,0.990,5.799,0.609,0.928,1.000,2.783,4.368,5.771,7.170,8.524,9.876,11.166
,1020.0,80,1.4200,0.137E-01,3.226,5.799,0.60,2.2528,0.990,5.799,0.615,0.928,1.000,2.783,4.369,5.767,7.162,8.510,9.863,11.152
55555.6,80,1.8123,0.377E+00,3.226,5.799,0.60,0.6214,0.990,5.799,0.189,0.098,1.000,0.294,0.514,0.045,0.002,0.000,0.000,0.000
23529.4,80,1.7926,0.394E+00,3.226,5.799,0.60,2.6288,0.990,5.799,0.475,0.549,1.000,1.646,0.996,0.395,0.106,0.014,0.001,0.000
17699.1,80,1.9542,0.666E+00,3.226,5.799,0.60,3.0479,0.990,5.799,0.467,0.660,1.000,1.980,1.904,1.258,0.645,0.176,0.032,0.004
15037.6,80,1.5722,0.269E+00,3.226,5.799,0.60,2.7505,0.990,5.799,0.518,0.747,1.000,2.241,2.428,1.779,0.900,0.302,0.073,0.012
13157.9,80,1.6818,0.227E+00,3.226,5.799,0.60,3.2062,0.990,5.799,0.577,0.757,1.000,2.271,2.707,2.383,1.538,0.760,0.272,0.057
11111.1,80,1.8154,0.557E+00,3.226,5.799,0.60,2.7827,0.990,5.799,0.467,0.780,1.000,2.340,3.091,3.200,2.746,1.902,1.105,0.463
,9708.7,80,1.8968,0.724E+00,3.226,5.799,0.60,2.7080,0.990,5.799,0.481,0.784,1.000,2.353,3.232,3.533,3.350,2.720,1.856,1.118
,8849.6,80,1.5905,0.805E+00,3.226,5.799,0.60,2.6280,0.990,5.799,0.482,0.803,1.000,2.410,3.385,3.821,3.761,3.320,2.499,1.630
,7782.1,80,1.0819,0.427E+00,3.226,5.799,0.60,2.1029,0.990,5.799,0.422,0.874,1.000,2.622,3.760,4.328,4.372,3.965,3.195,2.207
,6968.6,80,1.2648,0.119E+00,3.226,5.799,0.60,2.4721,0.990,5.799,0.566,0.907,1.000,2.721,3.952,4.640,4.837,4.596,3.985,3.108
,6097.6,80,1.4392,0.178E+00,3.226,5.799,0.60,2.6898,0.990,5.799,0.510,0.891,1.000,2.672,3.931,4.783,5.303,5.521,5.451,5.118
,5154.6,80,1.3947,0.131E+00,3.226,5.799,0.60,2.6426,0.990,5.799,0.522,0.899,1.000,2.696,4.006,4.951,5.625,6.053,6.251,6.243
,4618.9,80,1.4292,0.159E+00,3.226,5.799,0.60,2.4494,0.990,5.799,0.475,0.907,1.000,2.720,4.131,5.233,6.084,6.686,7.049,7.185
,4319.7,80,1.4226,0.148E+00,3.226,5.799,0.60,2.4139,0.990,5.799,0.471,0.911,1.000,2.732,4.175,5.334,6.251,6.939,7.397,7.622
,4016.1,80,1.4213,0.176E+00,3.226,5.799,0.60,2.3909,0.990,5.799,0.472,0.923,1.000,2.768,4.296,5.560,6.584,7.367,7.917,8.233
,3418.8,80,1.3373,0.207E+00,3.226,5.799,0.60,2.3382,0.990,5.799,0.480,0.940,1.000,2.820,4.438,5.819,6.978,7.921,8.654,9.180
,3444.7,80,1.3447,0.208E+00,3.226,5.799,0.60,2.3413,0.990,5.799,0.480,0.939,1.000,2.817,4.431,5.808,6.961,7.899,8.624,9.140
,2777.0,80,1.2968,0.202E-01,3.226,5.799,0.60,1.9738,0.990,5.799,0.632,0.804,1.000,2.412,3.382,3.800,4.186,4.529,4.904,5.267
,2320.2,80,1.3763,0.346E-02,3.226,5.799,0.60,2.5059,0.990,5.799,0.915,0.848,1.000,2.544,3.852,4.574,5.432,5.967,6.560,6.948
,2044.2,80,1.3966,0.455E-02,3.226,5.799,0.60,1.9285,0.990,5.799,0.843,0.805,1.000,2.416,3.427,3.715,4.155,4.201,4.423,4.600
,1778.4,80,1.4098,0.796E-02,3.226,5.799,0.60,2.4909,0.990,5.799,0.798,0.873,1.000,2.619,3.954,4.843,5.791,6.613,7.568,8.492
,1455.2,80,1.4183,0.120E-01,3.226,5.799,0.60,2.1284,0.990,5.799,0.655,0.877,1.000,2.632,3.979,4.972,6.051,6.982,7.920,8.754
,1270.3,80,1.4200,0.137E-01,3.226,5.799,0.60,2.3005,0.990,5.799,0.645,0.915,1.000,2.745,4.263,5.545,6.834,8.009,9.199,10.315
,944.3,80,1.4200,0.137E-01,3.226,5.799,0.60,2.1206,0.990,5.799,0.584,0.926,1.000,2.778,4.356,5.751,7.136,8.474,9.797,11.059
,693.5,80,1.4200,0.137E-01,3.226,5.799,0.60,2.1367,0.990,5.799,0.563,0.944,1.000,2.833,4.533,6.120,7.683,9.218,10.732,12.206
,527.1,80,1.4200,0.137E-01,3.226,5.799,0.60,2.1028,0.990,5.799,0.545,0.953,1.000,2.858,4.629,6.322,7.989,9.634,11.256,12.846
,399.8,80,1.4200,0.137E-01,3.226,5.799,0.60,2.0921,0.990,5.799,0.538,0.958,1.000,2.874,4.691,6.454,8.192,9.912,11.611,13.285
,329.1,80,1.4200,0.137E-01,3.226,5.799,0.60,2.0884,0.990,5.799,0.538,0.960,1.000,2.880,4.716,6.507,8.276,10.028,11.762,13.475
,229.8,80,1.4200,0.137E-01,3.226,5.799,0.60,2.0669,0.990,5.799,0.538,0.961,1.000,2.884,4.733,6.545,8.341,10.124,11.894,13.650
,7082.2,80,1.2291,0.131E+00,3.226,5.799,0.60,2.2185,0.990,5.799,0.517,0.910,1.000,2.731,3.968,4.644,4.803,4.492,3.816,2.867
,300.0,90,1.4200,0.137E-01,3.226,6.637,0.60,2.0741,0.990,6.637,0.538,0.961,1.000,2.883,4.729,6.536,8.324,10.098,11.858,13.601
,400.0,90,1.4200,0.137E-01,3.226,6.637,0.60,2.0906,0.990,6.637,0.538,0.960,1.000,2.879,4.710,6.494,8.255,9.999,11.723,13.427
,440.0,90,1.4200,0.137E-01,3.226,6.637,0.60,2.0995,0.990,6.637,0.540,0.959,1.000,2.876,4.699,6.471,8.218,9.948,11.657,13.343
,500.0,90,1.4200,0.137E-01,3.226,6.637,0.60,2.0971,0.990,6.637,0.540,0.957,1.000,2.870,4.676,6.421,8.141,9.842,11.521,13.172
,550.0,90,1.4200,0.137E-01,3.226,6.637,0.60,2.1024,0.990,6.637,0.542,0.955,1.000,2.865,4.655,6.377,8.073,9.748,11.401,13.026
,600.0,90,1.4200,0.137E-01,3.226,6.637,0.60,2.1036,0.990,6.637,0.544,0.953,1.000,2.858,4.630,6.326,7.995,9.642,11.266,12.858
,675.0,90,1.4200,0.137E-01,3.226,6.637,0.60,2.1075,0.990,6.637,0.549,0.949,1.000,2.848,4.591,6.244,7.869,9.470,11.049,12.596
,800.0,90,1.4200,0.137E-01,3.226,6.637,0.60,2.1481,0.990,6.637,0.566,0.944,1.000,2.833,4.534,6.121,7.685,9.222,10.740,12.213
,870.0,90,1.4200,0.137E-01,3.226,6.637,0.60,2.1289,0.990,6.637,0.567,0.940,1.000,2.819,4.487,6.021,7.532,9.010,10.476,11.898
,1000.0,90,1.4200,0.137E-01,3.226,6.637,0.60,2.1852,0.990,6.637,0.589,0.935,1.000,2.805,4.438,5.916,7.376,8.791,10.188,11.536
,1020.0,90,1.4200,0.137E-01,3.226,6.637,0.60,2.1538,0.990,6.637,0.585,0.932,1.000,2.796,4.411,5.862,7.299,8.686,10.058,11.372
55555.6,90,1.8123,0.377E+00,3.226,6.637,0.60,0.8073,0.990,6.637,0.244,0.131,1.000,0.392,0.524,0.059,0.003,0.000,0.000,0.000
23529.4,90,1.7926,0.394E+00,3.226,6.637,0.60,2.8129,0.990,6.637,0.496,0.607,1.000,1.820,1.332,0.685,0.244,0.043,0.005,0.000
17699.1,90,1.9542,0.666E+00,3.226,6.637,0.60,2.9558,0.990,6.637,0.470,0.690,1.000,2.069,2.339,1.726,1.037,0.438,0.125,0.020
15037.6,90,1.5722,0.269E+00,3.226,6.637,0.60,2.8715,0.990,6.637,0.527,0.780,1.000,2.341,2.778,2.417,1.524,0.717,0.245,0.053
13157.9,90,1.6818,0.227E+00,3.226,6.637,0.60,3.2287,0.990,6.637,0.559,0.788,1.000,2.363,3.005,3.041,2.458,1.640,0.774,0.224
11111.1,90,1.8154,0.557E+00,3.226,6.637,0.60,2.7131,0.990,6.637,0.469,0.802,1.000,2.407,3.310,3.628,3.464,2.834,1.947,1.147
,9708.7,90,1.8968,0.724E+00,3.226,6.637,0.60,2.6552,0.990,6.637,0.490,0.800,1.000,2.401,3.408,3.899,3.925,3.571,2.859,1.971
,8849.6,90,1.5905,0.805E+00,3.226,6.637,0.60,2.5897,0.990,6.637,0.492,0.817,1.000,2.452,3.540,4.146,4.325,4.099,3.571,2.735
,7782.1,90,1.0819,0.427E+00,3.226,6.637,0.60,2.1379,0.990,6.637,0.439,0.887,1.000,2.662,3.911,4.667,4.962,4.836,4.344,3.562
,6968.6,90,1.2648,0.119E+00,3.226,6.637,0.60,2.5909,0.990,6.637,0.569,0.919,1.000,2.758,4.089,4.956,5.396,5.444,5.153,4.551
,6097.6,90,1.4392,0.178E+00,3.226,6.637,0.60,2.5505,0.990,6.637,0.487,0.899,1.000,2.697,4.040,5.026,5.720,6.138,6.291,6.210
,5154.6,90,1.3947,0.131E+00,3.226,6.637,0.60,2.4765,0.990,6.637,0.490,0.905,1.000,2.715,4.095,5.157,5.985,6.584,6.975,7.164
,4618.9,90,1.4292,0.159E+00,3.226,6.637,0.60,2.3882,0.990,6.637,0.470,0.919,1.000,2.758,4.269,5.520,6.538,7.318,7.868,8.182
,4319.7,90,1.4226,0.148E+00,3.226,6.637,0.60,2.3727,0.990,6.637,0.472,0.924,1.000,2.773,4.319,5.622,6.710,7.576,8.213,8.625
,4016.1,90,1.4213,0.176E+00,3.226,6.637,0.60,2.3681,0.990,6.637,0.479,0.933,1.000,2.798,4.402,5.778,6.937,7.878,8.599,9.102
,3418.8,90,1.3373,0.207E+00,3.226,6.637,0.60,2.3103,0.990,6.637,0.484,0.945,1.000,2.835,4.499,5.958,7.222,8.296,9.180,9.878
,3444.7,90,1.3447,0.208E+00,3.226,6.637,0.60,2.3137,0.990,6.637,0.484,0.944,1.000,2.832,4.493,5.949,7.208,8.275,9.153,9.842
,2777.0,90,1.2968,0.202E-01,3.226,6.637,0.60,2.2135,0.990,6.637,0.642,0.853,1.000,2.560,3.832,4.700,5.590,6.422,7.255,8.030
,2320.2,90,1.3763,0.346E-02,3.226,6.637,0.60,1.9945,0.990,6.637,0.875,0.803,1.000,2.409,3.481,3.807,4.307,4.419,4.619,4.759
,2044.2,90,1.3966,0.455E-02,3.226,6.637,0.60,2.4404,0.990,6.637,0.852,0.844,1.000,2.531,3.784,4.478,5.357,5.965,6.795,7.583
,1778.4,90,1.4098,0.796E-02,3.226,6.637,0.60,2.1910,0.990,6.637,0.746,0.850,1.000,2.551,3.816,4.595,5.549,6.333,7.213,7.995
,1455.2,90,1.4183,0.120E-01,3.226,6.637,0.60,2.3107,0.990,6.637,0.668,0.909,1.000,2.728,4.217,5.441,6.688,7.810,8.961,10.044
,1270.3,90,1.4200,0.137E-01,3.226,6.637,0.60,2.1462,0.990,6.637,0.605,0.917,1.000,2.750,4.262,5.552,6.826,8.033,9.252,10.433
,944.3,90,1.4200,0.137E-01,3.226,6.637,0.60,2.1816,0.990,6.637,0.584,0.938,1.000,2.815,4.468,5.979,7.467,8.913,10.347,11.738
,693.5,90,1.4200,0.137E-01,3.226,6.637,0.60,2.1247,0.990,6.637,0.554,0.949,1.000,2.847,4.587,6.234,7.853,9.447,11.021,12.561
,527.1,90,1.4200,0.137E-01,3.226,6.637,0.60,2.1115,0.990,6.637,0.544,0.956,1.000,2.869,4.668,6.404,8.114,9.804,11.473,13.114
,399.8,90,1.4200,0.137E-01,3.226,6.637,0.60,2.0904,0.990,6.637,0.538,0.960,1.000,2.879,4.710,6.494,8.255,9.999,11.724,13.427
,329.1,90,1.4200,0.137E-01,3.226,6.637,0.60,2.0789,0.990,6.637,0.537,0.961,1.000,2.882,4.725,6.526,8.308,10.074,11.824,13.556
,229.8,90,1.4200,0.137E-01,3.226,6.637,0.60,2.0614,0.990,6.637,0.538,0.961,1.000,2.884,4.736,6.552,8.353,10.144,11.923,13.690
,7082.2,90,1.2291,0.131E+00,3.226,6.637,0.60,2.3530,0.990,6.637,0.527,0.924,1.000,2.771,4.118,4.987,5.399,5.397,5.025,4.342
,300.0,95,1.4200,0.137E-01,3.226,7.099,0.60,2.0709,0.990,7.099,0.538,0.961,1.000,2.884,4.732,6.542,8.334,10.113,11.878,13.628
,400.0,95,1.4200,0.137E-01,3.226,7.099,0.60,2.0868,0.990,7.099,0.538,0.960,1.000,2.880,4.716,6.507,8.277,10.030,11.764,13.479
,440.0,95,1.4200,0.137E-01,3.226,7.099,0.60,2.0921,0.990,7.099,0.539,0.959,1.000,2.878,4.707,6.487,8.245,9.984,11.704,13.403
,500.0,95,1.4200,0.137E-01,3.226,7.099,0.60,2.1019,0.990,7.099,0.541,0.958,1.000,2.874,4.690,6.451,8.187,9.905,11.601,13.273
,550.0,95,1.4200,0.137E-01,3.226,7.099,0.60,2.1129,0.990,7.099,0.544,0.957,1.000,2.870,4.674,6.416,8.133,9.831,11.507,13.156
,600.0,95,1.4200,0.137E-01,3.226,7.099,0.60,2.1163,0.990,7.099,0.546,0.955,1.000,2.865,4.654,6.374,8.068,9.741,11.392,13.014
,675.0,95,1.4200,0.137E-01,3.226,7.099,0.60,2.1348,0.990,7.099,0.553,0.953,1.000,2.858,4.624,6.310,7.970,9.609,11.226,12.811
,800.0,95,1.4200,0.137E-01,3.226,7.099,0.60,2.1274,0.990,7.099,0.558,0.946,1.000,2.839,4.557,6.171,7.760,9.320,10.859,12.359
,870.0,95,1.4200,0.137E-01,3.226,7.099,0.60,2.1680,0.990,7.099,0.571,0.945,1.000,2.834,4.534,6.119,7.681,9.217,10.736,12.211
,1000.0,95,1.4200,0.137E-01,3.226,7.099,0.60,2.1697,0.990,7.099,0.580,0.938,1.000,2.813,4.466,5.976,7.466,8.912,10.348,11.737
,1020.0,95,1.4200,0.137E-01,3.226,7.099,0.60,2.2000,0.990,7.099,0.587,0.938,1.000,2.815,4.468,5.979,7.471,8.919,10.353,11.744
55555.6,95,1.8123,0.377E+00,3.226,7.099,0.60,0.9246,0.990,7.099,0.274,0.152,1.000,0.455,0.531,0.068,0.004,0.000,0.000,0.000
23529.4,95,1.7926,0.394E+00,3.226,7.099,0.60,2.9151,0.990,7.099,0.499,0.641,1.000,1.922,1.579,0.909,0.361,0.073,0.010,0.001
17699.1,95,1.9542,0.666E+00,3.226,7.099,0.60,2.9208,0.990,7.099,0.467,0.709,1.000,2.128,2.519,2.042,1.303,0.668,0.231,0.044
15037.6,95,1.5722,0.269E+00,3.226,7.099,0.60,2.9199,0.990,7.099,0.526,0.795,1.000,2.384,2.952,2.757,1.958,1.076,0.428,0.109
13157.9,95,1.6818,0.227E+00,3.226,7.099,0.60,3.1283,0.990,7.099,0.549,0.794,1.000,2.381,3.089,3.255,2.854,2.083,1.142,0.427
11111.1,95,1.8154,0.557E+00,3.226,7.099,0.60,2.6753,0.990,7.099,0.472,0.810,1.000,2.431,3.399,3.826,3.745,3.287,2.432,1.570
,9708.7,95,1.8968,0.724E+00,3.226,7.099,0.60,2.6323,0.990,7.099,0.495,0.807,1.000,2.422,3.483,4.057,4.203,3.941,3.385,2.521
,8849.6,95,1.5905,0.805E+00,3.226,7.099,0.60,2.5701,0.990,7.099,0.497,0.823,1.000,2.469,3.605,4.293,4.567,4.469,4.043,3.352
,7782.1,95,1.0819,0.427E+00,3.226,7.099,0.60,2.1516,0.990,7.099,0.447,0.893,1.000,2.679,3.976,4.813,5.220,5.227,4.875,4.225
,6968.6,95,1.2648,0.119E+00,3.226,7.099,0.60,2.6271,0.990,7.099,0.568,0.924,1.000,2.771,4.147,5.089,5.634,5.817,5.672,5.237
,6097.6,95,1.4392,0.178E+00,3.226,7.099,0.60,2.4902,0.990,7.099,0.478,0.904,1.000,2.711,4.096,5.153,5.928,6.436,6.694,6.699
,5154.6,95,1.3947,0.131E+00,3.226,7.099,0.60,2.4205,0.990,7.099,0.478,0.911,1.000,2.732,4.160,5.296,6.201,6.896,7.378,7.651
,4618.9,95,1.4292,0.159E+00,3.226,7.099,0.60,2.3774,0.990,7.099,0.473,0.926,1.000,2.777,4.336,5.652,6.747,7.614,8.250,8.659
,4319.7,95,1.4226,0.148E+00,3.226,7.099,0.60,2.3702,0.990,7.099,0.477,0.931,1.000,2.792,4.384,5.753,6.914,7.860,8.587,9.090
,4016.1,95,1.4213,0.176E+00,3.226,7.099,0.60,2.3603,0.990,7.099,0.483,0.936,1.000,2.809,4.443,5.863,7.077,8.084,8.882,9.473
,3418.8,95,1.3373,0.207E+00,3.226,7.099,0.60,2.2988,0.990,7.099,0.487,0.947,1.000,2.841,4.524,6.016,7.326,8.456,9.408,10.183
,3444.7,95,1.3447,0.208E+00,3.226,7.099,0.60,2.3022,0.990,7.099,0.487,0.946,1.000,2.838,4.519,6.007,7.312,8.436,9.380,10.148
,2777.0,95,1.2968,0.202E-01,3.226,7.099,0.60,2.3958,0.990,7.099,0.659,0.883,1.000,2.648,4.065,5.142,6.228,7.241,8.256,9.177
,2320.2,95,1.3763,0.346E-02,3.226,7.099,0.60,1.9891,0.990,7.099,0.871,0.820,1.000,2.461,3.562,3.951,4.343,4.505,4.701,4.912
,2044.2,95,1.3966,0.455E-02,3.226,7.099,0.60,2.4716,0.990,7.099,0.862,0.859,1.000,2.578,3.887,4.670,5.615,6.402,7.317,8.204
,1778.4,95,1.4098,0.796E-02,3.226,7.099,0.60,2.0853,0.990,7.099,0.721,0.848,1.000,2.543,3.794,4.550,5.480,6.223,7.027,7.720
,1455.2,95,1.4183,0.120E-01,3.226,7.099,0.60,2.1566,0.990,7.099,0.634,0.906,1.000,2.717,4.172,5.353,6.545,7.637,8.751,9.801
,1270.3,95,1.4200,0.137E-01,3.226,7.099,0.60,2.2569,0.990,7.099,0.617,0.928,1.000,2.783,4.362,5.751,7.128,8.463,9.796,11.085
,944.3,95,1.4200,0.137E-01,3.226,7.099,0.60,2.1150,0.990,7.099,0.566,0.938,1.000,2.815,4.473,5.995,7.492,8.956,10.403,11.813
,693.5,95,1.4200,0.137E-01,3.226,7.099,0.60,2.1331,0.990,7.099,0.553,0.952,1.000,2.855,4.614,6.290,7.939,9.566,11.172,12.746
,527.1,95,1.4200,0.137E-01,3.226,7.099,0.60,2.0954,0.990,7.099,0.540,0.957,1.000,2.871,4.678,6.426,8.150,9.853,11.535,13.191
,399.8,95,1.4200,0.137E-01,3.226,7.099,0.60,2.0867,0.990,7.099,0.538,0.960,1.000,2.880,4.716,6.507,8.277,10.030,11.765,13.479
,329.1,95,1.4200,0.137E-01,3.226,7.099,0.60,2.0740,0.990,7.099,0.537,0.961,1.000,2.883,4.728,6.533,8.319,10.091,11.848,13.588
,229.8,95,1.4200,0.137E-01,3.226,7.099,0.60,2.0590,0.990,7.099,0.538,0.962,1.000,2.885,4.737,6.555,8.359,10.152,11.935,13.708
,7082.2,95,1.2291,0.131E+00,3.226,7.099,0.60,2.4041,0.990,7.099,0.531,0.928,1.000,2.785,4.180,5.130,5.658,5.792,5.579,5.048
,300.0,99,1.4200,0.137E-01,3.226,7.099,0.60,2.0709,0.990,7.099,0.538,0.961,1.000,2.884,4.732,6.542,8.334,10.113,11.878,13.628
,400.0,99,1.4200,0.137E-01,3.226,7.099,0.60,2.0868,0.990,7.099,0.538,0.960,1.000,2.880,4.716,6.507,8.277,10.030,11.764,13.479
,440.0,99,1.4200,0.137E-01,3.226,7.099,0.60,2.0921,0.990,7.099,0.539,0.959,1.000,2.878,4.707,6.487,8.245,9.984,11.704,13.403
,500.0,99,1.4200,0.137E-01,3.226,7.099,0.60,2.1019,0.990,7.099,0.541,0.958,1.000,2.874,4.690,6.451,8.187,9.905,11.601,13.273
,550.0,99,1.4200,0.137E-01,3.226,7.099,0.60,2.1129,0.990,7.099,0.544,0.957,1.000,2.870,4.674,6.416,8.133,9.831,11.507,13.156
,600.0,99,1.4200,0.137E-01,3.226,7.099,0.60,2.1163,0.990,7.099,0.546,0.955,1.000,2.865,4.654,6.374,8.068,9.741,11.392,13.014
,675.0,99,1.4200,0.137E-01,3.226,7.099,0.60,2.1348,0.990,7.099,0.553,0.953,1.000,2.858,4.624,6.310,7.970,9.609,11.226,12.811
,800.0,99,1.4200,0.137E-01,3.226,7.099,0.60,2.1274,0.990,7.099,0.558,0.946,1.000,2.839,4.557,6.171,7.760,9.320,10.859,12.359
,870.0,99,1.4200,0.137E-01,3.226,7.099,0.60,2.1680,0.990,7.099,0.571,0.945,1.000,2.834,4.534,6.119,7.681,9.217,10.736,12.211
,1000.0,99,1.4200,0.137E-01,3.226,7.099,0.60,2.1697,0.990,7.099,0.580,0.938,1.000,2.813,4.466,5.976,7.466,8.912,10.348,11.737
,1020.0,99,1.4200,0.137E-01,3.226,7.099,0.60,2.2000,0.990,7.099,0.587,0.938,1.000,2.815,4.468,5.979,7.471,8.919,10.353,11.744
55555.6,99,1.8123,0.377E+00,3.226,7.099,0.60,0.9246,0.990,7.099,0.274,0.152,1.000,0.455,0.531,0.068,0.004,0.000,0.000,0.000
23529.4,99,1.7926,0.394E+00,3.226,7.099,0.60,2.9151,0.990,7.099,0.499,0.641,1.000,1.922,1.579,0.909,0.361,0.073,0.010,0.001
17699.1,99,1.9542,0.666E+00,3.226,7.099,0.60,2.9208,0.990,7.099,0.467,0.709,1.000,2.128,2.519,2.042,1.303,0.668,0.231,0.044
15037.6,99,1.5722,0.269E+00,3.226,7.099,0.60,2.9199,0.990,7.099,0.526,0.795,1.000,2.384,2.952,2.757,1.958,1.076,0.428,0.109
13157.9,99,1.6818,0.227E+00,3.226,7.099,0.60,3.1283,0.990,7.099,0.549,0.794,1.000,2.381,3.089,3.255,2.854,2.083,1.142,0.427
11111.1,99,1.8154,0.557E+00,3.226,7.099,0.60,2.6753,0.990,7.099,0.472,0.810,1.000,2.431,3.399,3.826,3.745,3.287,2.432,1.570
,9708.7,99,1.8968,0.724E+00,3.226,7.099,0.60,2.6323,0.990,7.099,0.495,0.807,1.000,2.422,3.483,4.057,4.203,3.941,3.385,2.521
,8849.6,99,1.5905,0.805E+00,3.226,7.099,0.60,2.5701,0.990,7.099,0.497,0.823,1.000,2.469,3.605,4.293,4.567,4.469,4.043,3.352
,7782.1,99,1.0819,0.427E+00,3.226,7.099,0.60,2.1516,0.990,7.099,0.447,0.893,1.000,2.679,3.976,4.813,5.220,5.227,4.875,4.225
,6968.6,99,1.2648,0.119E+00,3.226,7.099,0.60,2.6271,0.990,7.099,0.568,0.924,1.000,2.771,4.147,5.089,5.634,5.817,5.672,5.237
,6097.6,99,1.4392,0.178E+00,3.226,7.099,0.60,2.4902,0.990,7.099,0.478,0.904,1.000,2.711,4.096,5.153,5.928,6.436,6.694,6.699
,5154.6,99,1.3947,0.131E+00,3.226,7.099,0.60,2.4205,0.990,7.099,0.478,0.911,1.000,2.732,4.160,5.296,6.201,6.896,7.378,7.651
,4618.9,99,1.4292,0.159E+00,3.226,7.099,0.60,2.3774,0.990,7.099,0.473,0.926,1.000,2.777,4.336,5.652,6.747,7.614,8.250,8.659
,4319.7,99,1.4226,0.148E+00,3.226,7.099,0.60,2.3702,0.990,7.099,0.477,0.931,1.000,2.792,4.384,5.753,6.914,7.860,8.587,9.090
,4016.1,99,1.4213,0.176E+00,3.226,7.099,0.60,2.3603,0.990,7.099,0.483,0.936,1.000,2.809,4.443,5.863,7.077,8.084,8.882,9.473
,3418.8,99,1.3373,0.207E+00,3.226,7.099,0.60,2.2988,0.990,7.099,0.487,0.947,1.000,2.841,4.524,6.016,7.326,8.456,9.408,10.183
,3444.7,99,1.3447,0.208E+00,3.226,7.099,0.60,2.3022,0.990,7.099,0.487,0.946,1.000,2.838,4.519,6.007,7.312,8.436,9.380,10.148
,2777.0,99,1.2968,0.202E-01,3.226,7.099,0.60,2.3958,0.990,7.099,0.659,0.883,1.000,2.648,4.065,5.142,6.228,7.241,8.256,9.177
,2320.2,99,1.3763,0.346E-02,3.226,7.099,0.60,1.9891,0.990,7.099,0.871,0.820,1.000,2.461,3.562,3.951,4.343,4.505,4.701,4.912
,2044.2,99,1.3966,0.455E-02,3.226,7.099,0.60,2.4716,0.990,7.099,0.862,0.859,1.000,2.578,3.887,4.670,5.615,6.402,7.317,8.204
,1778.4,99,1.4098,0.796E-02,3.226,7.099,0.60,2.0853,0.990,7.099,0.721,0.848,1.000,2.543,3.794,4.550,5.480,6.223,7.027,7.720
,1455.2,99,1.4183,0.120E-01,3.226,7.099,0.60,2.1566,0.990,7.099,0.634,0.906,1.000,2.717,4.172,5.353,6.545,7.637,8.751,9.801
,1270.3,99,1.4200,0.137E-01,3.226,7.099,0.60,2.2569,0.990,7.099,0.617,0.928,1.000,2.783,4.362,5.751,7.128,8.463,9.796,11.085
,944.3,99,1.4200,0.137E-01,3.226,7.099,0.60,2.1150,0.990,7.099,0.566,0.938,1.000,2.815,4.473,5.995,7.492,8.956,10.403,11.813
,693.5,99,1.4200,0.137E-01,3.226,7.099,0.60,2.1331,0.990,7.099,0.553,0.952,1.000,2.855,4.614,6.290,7.939,9.566,11.172,12.746
,527.1,99,1.4200,0.137E-01,3.226,7.099,0.60,2.0954,0.990,7.099,0.540,0.957,1.000,2.871,4.678,6.426,8.150,9.853,11.535,13.191
,399.8,99,1.4200,0.137E-01,3.226,7.099,0.60,2.0867,0.990,7.099,0.538,0.960,1.000,2.880,4.716,6.507,8.277,10.030,11.765,13.479
,329.1,99,1.4200,0.137E-01,3.226,7.099,0.60,2.0740,0.990,7.099,0.537,0.961,1.000,2.883,4.728,6.533,8.319,10.091,11.848,13.588
,229.8,99,1.4200,0.137E-01,3.226,7.099,0.60,2.0590,0.990,7.099,0.538,0.962,1.000,2.885,4.737,6.555,8.359,10.152,11.935,13.708
,7082.2,99,1.2291,0.131E+00,3.226,7.099,0.60,2.4041,0.990,7.099,0.531,0.928,1.000,2.785,4.180,5.130,5.658,5.792,5.579,5.048
