 h2so4 RRTMG LUT interpolated from GADS (DAR 09/2013)
 V0.1 - contains Fast-J wavelengths but is the same as the original jv_spec.dat values
  w(nm)   RH       N         iK  RgDry  RgWet      Sg       Q  Alpha  r-eff ss-alb  g-sym  pi(0)  pi(1)  pi(2)  pi(3)  pi(4)  pi(5)  pi(6)  pi(7)
  300.0    0  1.3326  0.000E+00  0.032  0.032    0.60  0.0210  0.990  0.032  1.000  0.080  1.000  0.241  0.511  0.050  0.002  0.000  0.000  0.000
  400.0    0  1.3326  0.000E+00  0.032  0.032    0.60  0.0068  0.990  0.032  1.000  0.045  1.000  0.136  0.504  0.028  0.001  0.000  0.000  0.000
  440.0    0  1.3326  0.000E+00  0.032  0.032    0.60  0.0047  0.990  0.032  1.000  0.037  1.000  0.112  0.502  0.023  0.000  0.000  0.000  0.000
  500.0    0  1.3326  0.000E+00  0.032  0.032    0.60  0.0028  0.990  0.032  1.000  0.029  1.000  0.087  0.501  0.018  0.000  0.000  0.000  0.000
  550.0    0  1.3326  0.000E+00  0.032  0.032    0.60  0.0019  0.990  0.032  1.000  0.024  1.000  0.072  0.501  0.015  0.000  0.000  0.000  0.000
  600.0    0  1.3326  0.000E+00  0.032  0.032    0.60  0.0014  0.990  0.032  1.000  0.020  1.000  0.061  0.501  0.013  0.000  0.000  0.000  0.000
  675.0    0  1.3326  0.000E+00  0.032  0.032    0.60  0.0009  0.990  0.032  1.000  0.016  1.000  0.048  0.500  0.010  0.000  0.000  0.000  0.000
  800.0    0  1.3326  0.000E+00  0.032  0.032    0.60  0.0004  0.990  0.032  1.000  0.011  1.000  0.034  0.500  0.007  0.000  0.000  0.000  0.000
  870.0    0  1.3326  0.000E+00  0.032  0.032    0.60  0.0003  0.990  0.032  1.000  0.010  1.000  0.029  0.500  0.006  0.000  0.000  0.000  0.000
 1000.0    0  1.3326  0.000E+00  0.032  0.032    0.60  0.0002  0.990  0.032  1.000  0.007  1.000  0.022  0.500  0.005  0.000  0.000  0.000  0.000
 1020.0    0  1.3326  0.000E+00  0.032  0.032    0.60  0.0002  0.990  0.032  1.000  0.007  1.000  0.021  0.500  0.004  0.000  0.000  0.000  0.000
55555.6    0  1.1684  0.258E+00  0.032  0.032    0.60  0.0023  0.990  0.032  0.000  0.000  1.000  0.000  0.500  0.000  0.000  0.000 -0.000 -0.000
23529.4    0  1.1684  0.258E+00  0.032  0.032    0.60  0.0055  0.990  0.032  0.000  0.000  1.000  0.000  0.500  0.000  0.000  0.000 -0.000  0.000
17699.1    0  1.1684  0.258E+00  0.032  0.032    0.60  0.0073  0.990  0.032  0.000  0.000  1.000  0.000  0.500  0.000  0.000  0.000 -0.000  0.000
15037.6    0  1.1684  0.258E+00  0.032  0.032    0.60  0.0085  0.990  0.032  0.000  0.000  1.000  0.000  0.500  0.000  0.000  0.000  0.000  0.000
13157.9    0  1.1684  0.258E+00  0.032  0.032    0.60  0.0098  0.990  0.032  0.000  0.000  1.000  0.000  0.500  0.000  0.000  0.000 -0.000 -0.000
11111.1    0  1.1796  0.164E+00  0.032  0.032    0.60  0.0073  0.990  0.032  0.000  0.000  1.000  0.000  0.500  0.000  0.000  0.000 -0.000 -0.000
 9708.7    0  1.3159  0.103E+00  0.032  0.032    0.60  0.0048  0.990  0.032  0.000  0.000  1.000  0.000  0.500  0.000  0.000  0.000  0.000 -0.000
 8849.6    0  1.2787  0.149E+00  0.032  0.032    0.60  0.0078  0.990  0.032  0.000  0.000  1.000  0.000  0.500  0.000  0.000  0.000  0.000  0.000
 7782.1    0  1.2991  0.655E-01  0.032  0.032    0.60  0.0039  0.990  0.032  0.000  0.000  1.000  0.000  0.500  0.000  0.000  0.000  0.000  0.000
 6968.6    0  1.3311  0.555E-01  0.032  0.032    0.60  0.0036  0.990  0.032  0.000  0.000  1.000  0.000  0.500  0.000  0.000  0.000  0.000 -0.000
 6097.6    0  1.3533  0.119E+00  0.032  0.032    0.60  0.0086  0.990  0.032  0.000  0.000  1.000  0.001  0.500  0.000  0.000  0.000 -0.000  0.000
 5154.6    0  1.3366  0.293E-01  0.032  0.032    0.60  0.0025  0.990  0.032  0.000  0.000  1.000  0.001  0.500  0.000  0.000  0.000  0.000 -0.000
 4618.9    0  1.3577  0.343E-01  0.032  0.032    0.60  0.0033  0.990  0.032  0.000  0.000  1.000  0.001  0.500  0.000  0.000  0.000  0.000  0.000
 4319.7    0  1.3621  0.267E-01  0.032  0.032    0.60  0.0027  0.990  0.032  0.000  0.000  1.000  0.001  0.500  0.000  0.000  0.000  0.000 -0.000
 4016.1    0  1.3799  0.213E-01  0.032  0.032    0.60  0.0023  0.990  0.032  0.000  0.000  1.000  0.001  0.500  0.000  0.000  0.000  0.000  0.000
 3418.8    0  1.4670  0.487E-01  0.032  0.032    0.60  0.0058  0.990  0.032  0.000  0.001  1.000  0.002  0.500  0.000  0.000  0.000  0.000 -0.000
 3444.7    0  1.4602  0.438E-01  0.032  0.032    0.60  0.0052  0.990  0.032  0.000  0.001  1.000  0.002  0.500  0.000  0.000  0.000  0.000  0.000
 2777.0    0  1.1248  0.530E-01  0.032  0.032    0.60  0.0096  0.990  0.032  0.000  0.001  1.000  0.003  0.500  0.001  0.000  0.000  0.000 -0.000
 2320.2    0  1.2971  0.000E+00  0.032  0.032    0.60  0.0000  0.990  0.032  1.000  0.001  1.000  0.004  0.500  0.001  0.000  0.000  0.000  0.000
 2044.2    0  1.3176  0.000E+00  0.032  0.032    0.60  0.0000  0.990  0.032  1.000  0.002  1.000  0.005  0.500  0.001  0.000  0.000  0.000  0.000
 1778.4    0  1.3291  0.000E+00  0.032  0.032    0.60  0.0000  0.990  0.032  1.000  0.002  1.000  0.007  0.500  0.001  0.000  0.000  0.000  0.000
 1455.2    0  1.3326  0.000E+00  0.032  0.032    0.60  0.0000  0.990  0.032  1.000  0.003  1.000  0.010  0.500  0.002  0.000  0.000  0.000  0.000
 1270.3    0  1.3326  0.000E+00  0.032  0.032    0.60  0.0001  0.990  0.032  1.000  0.005  1.000  0.014  0.500  0.003  0.000  0.000  0.000  0.000
  944.3    0  1.3326  0.000E+00  0.032  0.032    0.60  0.0002  0.990  0.032  1.000  0.008  1.000  0.025  0.500  0.005  0.000  0.000  0.000  0.000
  693.5    0  1.3326  0.000E+00  0.032  0.032    0.60  0.0008  0.990  0.032  1.000  0.015  1.000  0.045  0.500  0.009  0.000  0.000  0.000  0.000
  527.1    0  1.3326  0.000E+00  0.032  0.032    0.60  0.0023  0.990  0.032  1.000  0.026  1.000  0.078  0.501  0.016  0.000  0.000  0.000  0.000
  399.8    0  1.3326  0.000E+00  0.032  0.032    0.60  0.0068  0.990  0.032  1.000  0.045  1.000  0.136  0.504  0.028  0.001  0.000  0.000  0.000
  329.1    0  1.3326  0.000E+00  0.032  0.032    0.60  0.0146  0.990  0.032  1.000  0.067  1.000  0.200  0.508  0.042  0.001  0.000  0.000  0.000
  229.8    0  1.3326  0.000E+00  0.032  0.032    0.60  0.0575  0.990  0.032  1.000  0.138  1.000  0.413  0.534  0.086  0.006  0.000  0.000  0.000
 7082.2    0  1.3270  0.562E-01  0.032  0.032    0.60  0.0036  0.990  0.032  0.000  0.000  1.000  0.000  0.500  0.000  0.000  0.000 -0.000 -0.000
  300.0   50  1.3797  0.114E-01  0.032  0.048    0.60  0.1546  0.990  0.048  0.790  0.188  1.000  0.563  0.561  0.114  0.010  0.001  0.000  0.000
  400.0   50  1.3797  0.114E-01  0.032  0.048    0.60  0.0646  0.990  0.048  0.656  0.104  1.000  0.311  0.519  0.063  0.003  0.000  0.000  0.000
  440.0   50  1.3797  0.114E-01  0.032  0.048    0.60  0.0491  0.990  0.048  0.598  0.086  1.000  0.257  0.513  0.052  0.002  0.000  0.000  0.000
  500.0   50  1.3797  0.114E-01  0.032  0.048    0.60  0.0347  0.990  0.048  0.514  0.066  1.000  0.199  0.508  0.040  0.001  0.000  0.000  0.000
  550.0   50  1.3797  0.114E-01  0.032  0.048    0.60  0.0273  0.990  0.048  0.450  0.055  1.000  0.165  0.505  0.033  0.001  0.000  0.000  0.000
  600.0   50  1.3797  0.114E-01  0.032  0.048    0.60  0.0222  0.990  0.048  0.391  0.046  1.000  0.138  0.504  0.028  0.001  0.000  0.000  0.000
  675.0   50  1.3797  0.114E-01  0.032  0.048    0.60  0.0173  0.990  0.048  0.316  0.036  1.000  0.109  0.502  0.022  0.000  0.000  0.000  0.000
  800.0   50  1.3797  0.114E-01  0.032  0.048    0.60  0.0125  0.990  0.048  0.221  0.026  1.000  0.078  0.501  0.016  0.000  0.000  0.000  0.000
  870.0   50  1.3797  0.114E-01  0.032  0.048    0.60  0.0109  0.990  0.048  0.182  0.022  1.000  0.066  0.501  0.013  0.000  0.000  0.000  0.000
 1000.0   50  1.3797  0.114E-01  0.032  0.048    0.60  0.0088  0.990  0.048  0.129  0.017  1.000  0.050  0.500  0.010  0.000  0.000  0.000  0.000
 1020.0   50  1.3797  0.114E-01  0.032  0.048    0.60  0.0086  0.990  0.048  0.123  0.016  1.000  0.048  0.500  0.010  0.000  0.000  0.000  0.000
55555.6   50  1.7343  0.386E+00  0.032  0.048    0.60  0.0034  0.990  0.048  0.000  0.000  1.000  0.000  0.500  0.000  0.000  0.000 -0.000  0.000
23529.4   50  1.7349  0.395E+00  0.032  0.048    0.60  0.0082  0.990  0.048  0.000  0.000  1.000  0.000  0.500  0.000  0.000  0.000 -0.000  0.000
17699.1   50  1.7588  0.446E+00  0.032  0.048    0.60  0.0120  0.990  0.048  0.000  0.000  1.000  0.000  0.500  0.000  0.000  0.000  0.000  0.000
15037.6   50  1.5027  0.362E+00  0.032  0.048    0.60  0.0142  0.990  0.048  0.000  0.000  1.000  0.000  0.500  0.000  0.000  0.000 -0.000  0.000
13157.9   50  1.5337  0.292E+00  0.032  0.048    0.60  0.0129  0.990  0.048  0.000  0.000  1.000  0.000  0.500  0.000  0.000  0.000 -0.000 -0.000
11111.1   50  1.5882  0.344E+00  0.032  0.048    0.60  0.0172  0.990  0.048  0.000  0.000  1.000  0.000  0.500  0.000  0.000  0.000  0.000  0.000
 9708.7   50  1.6413  0.508E+00  0.032  0.048    0.60  0.0275  0.990  0.048  0.000  0.000  1.000  0.001  0.500  0.000  0.000  0.000 -0.000 -0.000
 8849.6   50  1.4307  0.516E+00  0.032  0.048    0.60  0.0363  0.990  0.048  0.000  0.000  1.000  0.001  0.500  0.000  0.000  0.000  0.000  0.000
 7782.1   50  1.2466  0.243E+00  0.032  0.048    0.60  0.0222  0.990  0.048  0.000  0.000  1.000  0.001  0.500  0.000  0.000  0.000  0.000 -0.000
 6968.6   50  1.3269  0.172E+00  0.032  0.048    0.60  0.0167  0.990  0.048  0.000  0.000  1.000  0.001  0.500  0.000  0.000  0.000  0.000 -0.000
 6097.6   50  1.4180  0.218E+00  0.032  0.048    0.60  0.0226  0.990  0.048  0.000  0.000  1.000  0.001  0.500  0.000  0.000  0.000  0.000  0.000
 5154.6   50  1.3078  0.147E+00  0.032  0.048    0.60  0.0195  0.990  0.048  0.000  0.001  1.000  0.002  0.500  0.000  0.000  0.000  0.000 -0.000
 4618.9   50  1.3434  0.122E+00  0.032  0.048    0.60  0.0176  0.990  0.048  0.000  0.001  1.000  0.002  0.500  0.000  0.000  0.000  0.000 -0.000
 4319.7   50  1.3490  0.116E+00  0.032  0.048    0.60  0.0179  0.990  0.048  0.000  0.001  1.000  0.003  0.500  0.001  0.000  0.000  0.000 -0.000
 4016.1   50  1.3559  0.107E+00  0.032  0.048    0.60  0.0176  0.990  0.048  0.000  0.001  1.000  0.003  0.500  0.001  0.000  0.000  0.000 -0.000
 3418.8   50  1.3709  0.124E+00  0.032  0.048    0.60  0.0238  0.990  0.048  0.000  0.001  1.000  0.004  0.500  0.001  0.000  0.000  0.000  0.000
 3444.7   50  1.3700  0.120E+00  0.032  0.048    0.60  0.0229  0.990  0.048  0.000  0.001  1.000  0.004  0.500  0.001  0.000  0.000  0.000 -0.000
 2777.0   50  1.1943  0.474E-01  0.032  0.048    0.60  0.0125  0.990  0.048  0.000  0.002  1.000  0.006  0.500  0.001  0.000  0.000  0.000 -0.000
 2320.2   50  1.3325  0.980E-03  0.032  0.048    0.60  0.0003  0.990  0.048  0.098  0.003  1.000  0.009  0.500  0.002  0.000  0.000  0.000  0.000
 2044.2   50  1.3546  0.233E-02  0.032  0.048    0.60  0.0008  0.990  0.048  0.071  0.004  1.000  0.012  0.500  0.002  0.000  0.000  0.000  0.000
 1778.4   50  1.3679  0.541E-02  0.032  0.048    0.60  0.0021  0.990  0.048  0.051  0.005  1.000  0.016  0.500  0.003  0.000  0.000  0.000  0.000
 1455.2   50  1.3775  0.919E-02  0.032  0.048    0.60  0.0044  0.990  0.048  0.057  0.008  1.000  0.024  0.500  0.005  0.000  0.000  0.000  0.000
 1270.3   50  1.3797  0.114E-01  0.032  0.048    0.60  0.0064  0.990  0.048  0.069  0.010  1.000  0.031  0.500  0.006  0.000  0.000  0.000  0.000
  944.3   50  1.3797  0.114E-01  0.032  0.048    0.60  0.0096  0.990  0.048  0.149  0.019  1.000  0.056  0.501  0.011  0.000  0.000  0.000  0.000
  693.5   50  1.3797  0.114E-01  0.032  0.048    0.60  0.0164  0.990  0.048  0.299  0.035  1.000  0.104  0.502  0.021  0.000  0.000  0.000  0.000
  527.1   50  1.3797  0.114E-01  0.032  0.048    0.60  0.0303  0.990  0.048  0.479  0.060  1.000  0.179  0.506  0.036  0.001  0.000  0.000  0.000
  399.8   50  1.3797  0.114E-01  0.032  0.048    0.60  0.0647  0.990  0.048  0.656  0.104  1.000  0.312  0.519  0.063  0.003  0.000  0.000  0.000
  329.1   50  1.3797  0.114E-01  0.032  0.048    0.60  0.1165  0.990  0.048  0.754  0.155  1.000  0.464  0.541  0.093  0.007  0.000  0.000  0.000
  229.8   50  1.3797  0.114E-01  0.032  0.048    0.60  0.3315  0.990  0.048  0.862  0.338  1.000  1.013  0.696  0.210  0.033  0.003  0.000  0.000
 7082.2   50  1.3166  0.180E+00  0.032  0.048    0.60  0.0172  0.990  0.048  0.000  0.000  1.000  0.001  0.500  0.000  0.000  0.000  0.000  0.000
  300.0   70  1.4179  0.173E-01  0.032  0.053    0.60  0.2703  0.990  0.053  0.789  0.243  1.000  0.728  0.599  0.143  0.016  0.001  0.000  0.000
  400.0   70  1.4179  0.173E-01  0.032  0.053    0.60  0.1160  0.990  0.053  0.665  0.132  1.000  0.395  0.530  0.078  0.005  0.000  0.000  0.000
  440.0   70  1.4179  0.173E-01  0.032  0.053    0.60  0.0880  0.990  0.053  0.611  0.108  1.000  0.325  0.520  0.064  0.003  0.000  0.000  0.000
  500.0   70  1.4179  0.173E-01  0.032  0.053    0.60  0.0618  0.990  0.053  0.530  0.084  1.000  0.252  0.512  0.050  0.002  0.000  0.000  0.000
  550.0   70  1.4179  0.173E-01  0.032  0.053    0.60  0.0483  0.990  0.053  0.467  0.069  1.000  0.208  0.508  0.041  0.001  0.000  0.000  0.000
  600.0   70  1.4179  0.173E-01  0.032  0.053    0.60  0.0391  0.990  0.053  0.409  0.058  1.000  0.175  0.506  0.035  0.001  0.000  0.000  0.000
  675.0   70  1.4179  0.173E-01  0.032  0.053    0.60  0.0301  0.990  0.053  0.333  0.046  1.000  0.138  0.504  0.027  0.001  0.000  0.000  0.000
  800.0   70  1.4179  0.173E-01  0.032  0.053    0.60  0.0216  0.990  0.053  0.237  0.033  1.000  0.099  0.502  0.020  0.000  0.000  0.000  0.000
  870.0   70  1.4179  0.173E-01  0.032  0.053    0.60  0.0186  0.990  0.053  0.196  0.028  1.000  0.084  0.501  0.017  0.000  0.000  0.000  0.000
 1000.0   70  1.4179  0.173E-01  0.032  0.053    0.60  0.0149  0.990  0.053  0.140  0.021  1.000  0.063  0.501  0.013  0.000  0.000  0.000  0.000
 1020.0   70  1.4179  0.173E-01  0.032  0.053    0.60  0.0145  0.990  0.053  0.134  0.020  1.000  0.061  0.501  0.012  0.000  0.000  0.000  0.000
55555.6   70  1.8355  0.478E+00  0.032  0.053    0.60  0.0043  0.990  0.053  0.000  0.000  1.000  0.000  0.500  0.000  0.000 -0.000 -0.000 -0.000
23529.4   70  1.8130  0.494E+00  0.032  0.053    0.60  0.0106  0.990  0.053  0.000  0.000  1.000  0.000  0.500  0.000  0.000  0.000 -0.000  0.000
17699.1   70  1.9871  0.642E+00  0.032  0.053    0.60  0.0155  0.990  0.053  0.000  0.000  1.000  0.000  0.500  0.000  0.000  0.000  0.000 -0.000
15037.6   70  1.5717  0.318E+00  0.032  0.053    0.60  0.0133  0.990  0.053  0.000  0.000  1.000  0.000  0.500  0.000  0.000  0.000 -0.000  0.000
13157.9   70  1.6893  0.278E+00  0.032  0.053    0.60  0.0121  0.990  0.053  0.000  0.000  1.000  0.000  0.500  0.000  0.000  0.000  0.000  0.000
11111.1   70  1.7564  0.559E+00  0.032  0.053    0.60  0.0266  0.990  0.053  0.000  0.000  1.000  0.001  0.500  0.000  0.000  0.000  0.000  0.000
 9708.7   70  1.8590  0.755E+00  0.032  0.053    0.60  0.0365  0.990  0.053  0.000  0.000  1.000  0.001  0.500  0.000  0.000  0.000  0.000 -0.000
 8849.6   70  1.6034  0.777E+00  0.032  0.053    0.60  0.0514  0.990  0.053  0.000  0.000  1.000  0.001  0.500  0.000  0.000  0.000  0.000 -0.000
 7782.1   70  1.1347  0.407E+00  0.032  0.053    0.60  0.0448  0.990  0.053  0.000  0.000  1.000  0.001  0.500  0.000  0.000  0.000  0.000  0.000
 6968.6   70  1.2809  0.172E+00  0.032  0.053    0.60  0.0192  0.990  0.053  0.000  0.000  1.000  0.001  0.500  0.000  0.000  0.000  0.000 -0.000
 6097.6   70  1.4549  0.217E+00  0.032  0.053    0.60  0.0245  0.990  0.053  0.000  0.001  1.000  0.002  0.500  0.000  0.000  0.000  0.000  0.000
 5154.6   70  1.3515  0.151E+00  0.032  0.053    0.60  0.0217  0.990  0.053  0.000  0.001  1.000  0.002  0.500  0.000  0.000  0.000  0.000 -0.000
 4618.9   70  1.4025  0.150E+00  0.032  0.053    0.60  0.0233  0.990  0.053  0.000  0.001  1.000  0.003  0.500  0.001  0.000  0.000  0.000  0.000
 4319.7   70  1.4035  0.143E+00  0.032  0.053    0.60  0.0237  0.990  0.053  0.000  0.001  1.000  0.003  0.500  0.001  0.000  0.000  0.000 -0.000
 4016.1   70  1.4100  0.161E+00  0.032  0.053    0.60  0.0286  0.990  0.053  0.000  0.001  1.000  0.004  0.500  0.001  0.000  0.000  0.000 -0.000
 3418.8   70  1.3584  0.195E+00  0.032  0.053    0.60  0.0422  0.990  0.053  0.000  0.002  1.000  0.005  0.500  0.001  0.000  0.000  0.000 -0.000
 3444.7   70  1.3646  0.194E+00  0.032  0.053    0.60  0.0415  0.990  0.053  0.000  0.002  1.000  0.005  0.500  0.001  0.000  0.000  0.000 -0.000
 2777.0   70  1.2728  0.350E-01  0.032  0.053    0.60  0.0099  0.990  0.053  0.002  0.003  1.000  0.008  0.500  0.002  0.000  0.000  0.000  0.000
 2320.2   70  1.3750  0.847E-02  0.032  0.053    0.60  0.0027  0.990  0.053  0.022  0.004  1.000  0.012  0.500  0.002  0.000  0.000  0.000  0.000
 2044.2   70  1.3969  0.106E-01  0.032  0.053    0.60  0.0039  0.990  0.053  0.028  0.005  1.000  0.015  0.500  0.003  0.000  0.000  0.000  0.000
 1778.4   70  1.4077  0.133E-01  0.032  0.053    0.60  0.0056  0.990  0.053  0.036  0.007  1.000  0.020  0.500  0.004  0.000  0.000  0.000  0.000
 1455.2   70  1.4162  0.160E-01  0.032  0.053    0.60  0.0084  0.990  0.053  0.055  0.010  1.000  0.030  0.500  0.006  0.000  0.000  0.000  0.000
 1270.3   70  1.4179  0.173E-01  0.032  0.053    0.60  0.0107  0.990  0.053  0.075  0.013  1.000  0.039  0.500  0.008  0.000  0.000  0.000  0.000
  944.3   70  1.4179  0.173E-01  0.032  0.053    0.60  0.0163  0.990  0.053  0.162  0.024  1.000  0.071  0.501  0.014  0.000  0.000  0.000  0.000
  693.5   70  1.4179  0.173E-01  0.032  0.053    0.60  0.0285  0.990  0.053  0.317  0.044  1.000  0.131  0.503  0.026  0.001  0.000  0.000  0.000
  527.1   70  1.4179  0.173E-01  0.032  0.053    0.60  0.0538  0.990  0.053  0.496  0.075  1.000  0.226  0.510  0.045  0.002  0.000  0.000  0.000
  399.8   70  1.4179  0.173E-01  0.032  0.053    0.60  0.1161  0.990  0.053  0.666  0.132  1.000  0.396  0.530  0.078  0.005  0.000  0.000  0.000
  329.1   70  1.4179  0.173E-01  0.032  0.053    0.60  0.2067  0.990  0.053  0.756  0.198  1.000  0.595  0.567  0.117  0.011  0.001  0.000  0.000
  229.8   70  1.4179  0.173E-01  0.032  0.053    0.60  0.5458  0.990  0.053  0.848  0.444  1.000  1.333  0.836  0.278  0.054  0.006  0.000  0.000
 7082.2   70  1.2553  0.183E+00  0.032  0.053    0.60  0.0204  0.990  0.053  0.000  0.000  1.000  0.001  0.500  0.000  0.000  0.000  0.000 -0.000
  300.0   80  1.4200  0.137E-01  0.032  0.057    0.60  0.3215  0.990  0.057  0.845  0.285  1.000  0.856  0.637  0.169  0.022  0.002  0.000  0.000
  400.0   80  1.4200  0.137E-01  0.032  0.057    0.60  0.1359  0.990  0.057  0.751  0.153  1.000  0.459  0.540  0.090  0.007  0.000  0.000  0.000
  440.0   80  1.4200  0.137E-01  0.032  0.057    0.60  0.1013  0.990  0.057  0.706  0.126  1.000  0.377  0.527  0.074  0.005  0.000  0.000  0.000
  500.0   80  1.4200  0.137E-01  0.032  0.057    0.60  0.0690  0.990  0.057  0.636  0.097  1.000  0.291  0.516  0.057  0.003  0.000  0.000  0.000
  550.0   80  1.4200  0.137E-01  0.032  0.057    0.60  0.0525  0.990  0.057  0.576  0.080  1.000  0.240  0.511  0.047  0.002  0.000  0.000  0.000
  600.0   80  1.4200  0.137E-01  0.032  0.057    0.60  0.0415  0.990  0.057  0.519  0.067  1.000  0.202  0.508  0.040  0.001  0.000  0.000  0.000
  675.0   80  1.4200  0.137E-01  0.032  0.057    0.60  0.0308  0.990  0.057  0.439  0.053  1.000  0.160  0.505  0.032  0.001  0.000  0.000  0.000
  800.0   80  1.4200  0.137E-01  0.032  0.057    0.60  0.0210  0.990  0.057  0.327  0.038  1.000  0.114  0.502  0.023  0.000  0.000  0.000  0.000
  870.0   80  1.4200  0.137E-01  0.032  0.057    0.60  0.0177  0.990  0.057  0.277  0.032  1.000  0.097  0.502  0.019  0.000  0.000  0.000  0.000
 1000.0   80  1.4200  0.137E-01  0.032  0.057    0.60  0.0138  0.990  0.057  0.205  0.024  1.000  0.073  0.501  0.015  0.000  0.000  0.000  0.000
 1020.0   80  1.4200  0.137E-01  0.032  0.057    0.60  0.0133  0.990  0.057  0.196  0.023  1.000  0.070  0.501  0.014  0.000  0.000  0.000  0.000
55555.6   80  1.8123  0.377E+00  0.032  0.057    0.60  0.0037  0.990  0.057  0.000  0.000  1.000  0.000  0.500  0.000  0.000 -0.000 -0.000 -0.000
23529.4   80  1.7926  0.394E+00  0.032  0.057    0.60  0.0094  0.990  0.057  0.000  0.000  1.000  0.000  0.500  0.000  0.000  0.000  0.000 -0.000
17699.1   80  1.9542  0.666E+00  0.032  0.057    0.60  0.0177  0.990  0.057  0.000  0.000  1.000  0.000  0.500  0.000  0.000  0.000  0.000 -0.000
15037.6   80  1.5722  0.269E+00  0.032  0.057    0.60  0.0121  0.990  0.057  0.000  0.000  1.000  0.000  0.500  0.000  0.000  0.000  0.000  0.000
13157.9   80  1.6818  0.227E+00  0.032  0.057    0.60  0.0107  0.990  0.057  0.000  0.000  1.000  0.000  0.500  0.000  0.000  0.000  0.000  0.000
11111.1   80  1.8154  0.557E+00  0.032  0.057    0.60  0.0271  0.990  0.057  0.000  0.000  1.000  0.001  0.500  0.000  0.000  0.000  0.000  0.000
 9708.7   80  1.8968  0.724E+00  0.032  0.057    0.60  0.0366  0.990  0.057  0.000  0.000  1.000  0.001  0.500  0.000  0.000  0.000  0.000  0.000
 8849.6   80  1.5905  0.805E+00  0.032  0.057    0.60  0.0577  0.990  0.057  0.000  0.000  1.000  0.001  0.500  0.000  0.000  0.000 -0.000  0.000
 7782.1   80  1.0819  0.427E+00  0.032  0.057    0.60  0.0523  0.990  0.057  0.000  0.000  1.000  0.001  0.500  0.000  0.000  0.000  0.000  0.000
 6968.6   80  1.2648  0.119E+00  0.032  0.057    0.60  0.0144  0.990  0.057  0.000  0.000  1.000  0.001  0.500  0.000  0.000  0.000  0.000  0.000
 6097.6   80  1.4392  0.178E+00  0.032  0.057    0.60  0.0218  0.990  0.057  0.000  0.001  1.000  0.002  0.500  0.000  0.000  0.000  0.000 -0.000
 5154.6   80  1.3947  0.131E+00  0.032  0.057    0.60  0.0197  0.990  0.057  0.000  0.001  1.000  0.003  0.500  0.001  0.000  0.000  0.000  0.000
 4618.9   80  1.4292  0.159E+00  0.032  0.057    0.60  0.0260  0.990  0.057  0.000  0.001  1.000  0.003  0.500  0.001  0.000  0.000  0.000  0.000
 4319.7   80  1.4226  0.148E+00  0.032  0.057    0.60  0.0260  0.990  0.057  0.000  0.001  1.000  0.004  0.500  0.001  0.000  0.000  0.000  0.000
 4016.1   80  1.4213  0.176E+00  0.032  0.057    0.60  0.0333  0.990  0.057  0.000  0.002  1.000  0.005  0.500  0.001  0.000  0.000  0.000 -0.000
 3418.8   80  1.3373  0.207E+00  0.032  0.057    0.60  0.0488  0.990  0.057  0.000  0.002  1.000  0.006  0.500  0.001  0.000  0.000  0.000  0.000
 3444.7   80  1.3447  0.208E+00  0.032  0.057    0.60  0.0484  0.990  0.057  0.000  0.002  1.000  0.006  0.500  0.001  0.000  0.000  0.000  0.000
 2777.0   80  1.2968  0.202E-01  0.032  0.057    0.60  0.0060  0.990  0.057  0.004  0.003  1.000  0.009  0.500  0.002  0.000  0.000  0.000  0.000
 2320.2   80  1.3763  0.346E-02  0.032  0.057    0.60  0.0013  0.990  0.057  0.064  0.004  1.000  0.013  0.500  0.003  0.000  0.000  0.000  0.000
 2044.2   80  1.3966  0.455E-02  0.032  0.057    0.60  0.0019  0.990  0.057  0.078  0.006  1.000  0.017  0.500  0.004  0.000  0.000  0.000  0.000
 1778.4   80  1.4098  0.796E-02  0.032  0.057    0.60  0.0038  0.990  0.057  0.072  0.008  1.000  0.023  0.500  0.005  0.000  0.000  0.000  0.000
 1455.2   80  1.4183  0.120E-01  0.032  0.057    0.60  0.0071  0.990  0.057  0.089  0.012  1.000  0.035  0.500  0.007  0.000  0.000  0.000  0.000
 1270.3   80  1.4200  0.137E-01  0.032  0.057    0.60  0.0095  0.990  0.057  0.114  0.015  1.000  0.045  0.500  0.009  0.000  0.000  0.000  0.000
  944.3   80  1.4200  0.137E-01  0.032  0.057    0.60  0.0152  0.990  0.057  0.233  0.027  1.000  0.082  0.501  0.016  0.000  0.000  0.000  0.000
  693.5   80  1.4200  0.137E-01  0.032  0.057    0.60  0.0288  0.990  0.057  0.421  0.050  1.000  0.151  0.504  0.030  0.001  0.000  0.000  0.000
  527.1   80  1.4200  0.137E-01  0.032  0.057    0.60  0.0592  0.990  0.057  0.603  0.087  1.000  0.262  0.513  0.051  0.002  0.000  0.000  0.000
  399.8   80  1.4200  0.137E-01  0.032  0.057    0.60  0.1361  0.990  0.057  0.751  0.153  1.000  0.459  0.540  0.090  0.007  0.000  0.000  0.000
  329.1   80  1.4200  0.137E-01  0.032  0.057    0.60  0.2462  0.990  0.057  0.821  0.232  1.000  0.696  0.591  0.137  0.015  0.001  0.000  0.000
  229.8   80  1.4200  0.137E-01  0.032  0.057    0.60  0.6448  0.990  0.057  0.885  0.516  1.000  1.549  0.965  0.337  0.075  0.010  0.001  0.000
 7082.2   80  1.2291  0.131E+00  0.032  0.057    0.60  0.0159  0.990  0.057  0.000  0.000  1.000  0.001  0.500  0.000  0.000  0.000  0.000 -0.000
  300.0   90  1.4200  0.137E-01  0.032  0.065    0.60  0.4612  0.990  0.065  0.870  0.389  1.000  1.166  0.755  0.237  0.041  0.004  0.000  0.000
  400.0   90  1.4200  0.137E-01  0.032  0.065    0.60  0.2056  0.990  0.065  0.803  0.204  1.000  0.611  0.570  0.120  0.012  0.001  0.000  0.000
  440.0   90  1.4200  0.137E-01  0.032  0.065    0.60  0.1536  0.990  0.065  0.768  0.166  1.000  0.499  0.547  0.098  0.008  0.000  0.000  0.000
  500.0   90  1.4200  0.137E-01  0.032  0.065    0.60  0.1035  0.990  0.065  0.710  0.128  1.000  0.383  0.528  0.075  0.005  0.000  0.000  0.000
  550.0   90  1.4200  0.137E-01  0.032  0.065    0.60  0.0776  0.990  0.065  0.659  0.105  1.000  0.315  0.519  0.062  0.003  0.000  0.000  0.000
  600.0   90  1.4200  0.137E-01  0.032  0.065    0.60  0.0602  0.990  0.065  0.607  0.088  1.000  0.265  0.513  0.052  0.002  0.000  0.000  0.000
  675.0   90  1.4200  0.137E-01  0.032  0.065    0.60  0.0434  0.990  0.065  0.530  0.070  1.000  0.209  0.508  0.041  0.001  0.000  0.000  0.000
  800.0   90  1.4200  0.137E-01  0.032  0.065    0.60  0.0283  0.990  0.065  0.415  0.050  1.000  0.149  0.504  0.029  0.001  0.000  0.000  0.000
  870.0   90  1.4200  0.137E-01  0.032  0.065    0.60  0.0234  0.990  0.065  0.360  0.042  1.000  0.126  0.503  0.025  0.001  0.000  0.000  0.000
 1000.0   90  1.4200  0.137E-01  0.032  0.065    0.60  0.0176  0.990  0.065  0.275  0.032  1.000  0.096  0.502  0.019  0.000  0.000  0.000  0.000
 1020.0   90  1.4200  0.137E-01  0.032  0.065    0.60  0.0170  0.990  0.065  0.264  0.031  1.000  0.092  0.502  0.018  0.000  0.000  0.000  0.000
55555.6   90  1.8123  0.377E+00  0.032  0.065    0.60  0.0043  0.990  0.065  0.000  0.000  1.000  0.000  0.500  0.000  0.000  0.000  0.000 -0.000
23529.4   90  1.7926  0.394E+00  0.032  0.065    0.60  0.0107  0.990  0.065  0.000  0.000  1.000  0.000  0.500  0.000  0.000  0.000 -0.000  0.000
17699.1   90  1.9542  0.666E+00  0.032  0.065    0.60  0.0203  0.990  0.065  0.000  0.000  1.000  0.000  0.500  0.000  0.000  0.000 -0.000  0.000
15037.6   90  1.5722  0.269E+00  0.032  0.065    0.60  0.0138  0.990  0.065  0.000  0.000  1.000  0.000  0.500  0.000  0.000  0.000 -0.000  0.000
13157.9   90  1.6818  0.227E+00  0.032  0.065    0.60  0.0122  0.990  0.065  0.000  0.000  1.000  0.001  0.500  0.000  0.000  0.000  0.000 -0.000
11111.1   90  1.8154  0.557E+00  0.032  0.065    0.60  0.0310  0.990  0.065  0.000  0.000  1.000  0.001  0.500  0.000  0.000  0.000  0.000  0.000
 9708.7   90  1.8968  0.724E+00  0.032  0.065    0.60  0.0420  0.990  0.065  0.000  0.000  1.000  0.001  0.500  0.000  0.000  0.000  0.000  0.000
 8849.6   90  1.5905  0.805E+00  0.032  0.065    0.60  0.0660  0.990  0.065  0.000  0.000  1.000  0.001  0.500  0.000  0.000  0.000  0.000 -0.000
 7782.1   90  1.0819  0.427E+00  0.032  0.065    0.60  0.0598  0.990  0.065  0.000  0.000  1.000  0.001  0.500  0.000  0.000  0.000  0.000  0.000
 6968.6   90  1.2648  0.119E+00  0.032  0.065    0.60  0.0165  0.990  0.065  0.000  0.001  1.000  0.002  0.500  0.000  0.000  0.000  0.000  0.000
 6097.6   90  1.4392  0.178E+00  0.032  0.065    0.60  0.0250  0.990  0.065  0.000  0.001  1.000  0.003  0.500  0.001  0.000  0.000  0.000 -0.000
 5154.6   90  1.3947  0.131E+00  0.032  0.065    0.60  0.0226  0.990  0.065  0.000  0.001  1.000  0.004  0.500  0.001  0.000  0.000  0.000  0.000
 4618.9   90  1.4292  0.159E+00  0.032  0.065    0.60  0.0298  0.990  0.065  0.000  0.002  1.000  0.005  0.500  0.001  0.000  0.000  0.000  0.000
 4319.7   90  1.4226  0.148E+00  0.032  0.065    0.60  0.0298  0.990  0.065  0.001  0.002  1.000  0.005  0.500  0.001  0.000  0.000  0.000  0.000
 4016.1   90  1.4213  0.176E+00  0.032  0.065    0.60  0.0382  0.990  0.065  0.001  0.002  1.000  0.006  0.500  0.001  0.000  0.000  0.000  0.000
 3418.8   90  1.3373  0.207E+00  0.032  0.065    0.60  0.0559  0.990  0.065  0.001  0.003  1.000  0.008  0.500  0.002  0.000  0.000  0.000  0.000
 3444.7   90  1.3447  0.208E+00  0.032  0.065    0.60  0.0555  0.990  0.065  0.001  0.003  1.000  0.008  0.500  0.002  0.000  0.000  0.000  0.000
 2777.0   90  1.2968  0.202E-01  0.032  0.065    0.60  0.0069  0.990  0.065  0.006  0.004  1.000  0.012  0.500  0.003  0.000  0.000  0.000  0.000
 2320.2   90  1.3763  0.346E-02  0.032  0.065    0.60  0.0015  0.990  0.065  0.092  0.006  1.000  0.018  0.500  0.004  0.000  0.000  0.000  0.000
 2044.2   90  1.3966  0.455E-02  0.032  0.065    0.60  0.0022  0.990  0.065  0.112  0.008  1.000  0.023  0.500  0.005  0.000  0.000  0.000  0.000
 1778.4   90  1.4098  0.796E-02  0.032  0.065    0.60  0.0045  0.990  0.065  0.104  0.010  1.000  0.030  0.500  0.006  0.000  0.000  0.000  0.000
 1455.2   90  1.4183  0.120E-01  0.032  0.065    0.60  0.0085  0.990  0.065  0.126  0.015  1.000  0.045  0.500  0.009  0.000  0.000  0.000  0.000
 1270.3   90  1.4200  0.137E-01  0.032  0.065    0.60  0.0116  0.990  0.065  0.160  0.020  1.000  0.059  0.501  0.012  0.000  0.000  0.000  0.000
  944.3   90  1.4200  0.137E-01  0.032  0.065    0.60  0.0197  0.990  0.065  0.309  0.036  1.000  0.107  0.502  0.021  0.000  0.000  0.000  0.000
  693.5   90  1.4200  0.137E-01  0.032  0.065    0.60  0.0404  0.990  0.065  0.512  0.066  1.000  0.198  0.507  0.039  0.001  0.000  0.000  0.000
  527.1   90  1.4200  0.137E-01  0.032  0.065    0.60  0.0882  0.990  0.065  0.682  0.115  1.000  0.344  0.522  0.067  0.004  0.000  0.000  0.000
  399.8   90  1.4200  0.137E-01  0.032  0.065    0.60  0.2059  0.990  0.065  0.803  0.204  1.000  0.611  0.570  0.120  0.012  0.001  0.000  0.000
  329.1   90  1.4200  0.137E-01  0.032  0.065    0.60  0.3613  0.990  0.065  0.854  0.314  1.000  0.943  0.666  0.187  0.027  0.002  0.000  0.000
  229.8   90  1.4200  0.137E-01  0.032  0.065    0.60  0.9356  0.990  0.065  0.900  0.628  1.000  1.884  1.282  0.483  0.135  0.023  0.003  0.000
 7082.2   90  1.2291  0.131E+00  0.032  0.065    0.60  0.0183  0.990  0.065  0.000  0.001  1.000  0.002  0.500  0.000  0.000  0.000  0.000  0.000
  300.0   95  1.4200  0.137E-01  0.032  0.070    0.60  0.5473  0.990  0.070  0.878  0.452  1.000  1.357  0.848  0.283  0.056  0.006  0.000  0.000
  400.0   95  1.4200  0.137E-01  0.032  0.070    0.60  0.2515  0.990  0.070  0.824  0.236  1.000  0.707  0.594  0.139  0.015  0.001  0.000  0.000
  440.0   95  1.4200  0.137E-01  0.032  0.070    0.60  0.1889  0.990  0.070  0.793  0.192  1.000  0.575  0.562  0.113  0.010  0.001  0.000  0.000
  500.0   95  1.4200  0.137E-01  0.032  0.070    0.60  0.1274  0.990  0.070  0.742  0.147  1.000  0.440  0.537  0.086  0.006  0.000  0.000  0.000
  550.0   95  1.4200  0.137E-01  0.032  0.070    0.60  0.0951  0.990  0.070  0.696  0.121  1.000  0.362  0.525  0.071  0.004  0.000  0.000  0.000
  600.0   95  1.4200  0.137E-01  0.032  0.070    0.60  0.0732  0.990  0.070  0.647  0.101  1.000  0.303  0.517  0.059  0.003  0.000  0.000  0.000
  675.0   95  1.4200  0.137E-01  0.032  0.070    0.60  0.0522  0.990  0.070  0.575  0.080  1.000  0.239  0.511  0.047  0.002  0.000  0.000  0.000
  800.0   95  1.4200  0.137E-01  0.032  0.070    0.60  0.0333  0.990  0.070  0.461  0.057  1.000  0.171  0.506  0.034  0.001  0.000  0.000  0.000
  870.0   95  1.4200  0.137E-01  0.032  0.070    0.60  0.0272  0.990  0.070  0.404  0.048  1.000  0.144  0.504  0.029  0.001  0.000  0.000  0.000
 1000.0   95  1.4200  0.137E-01  0.032  0.070    0.60  0.0201  0.990  0.070  0.315  0.036  1.000  0.109  0.502  0.022  0.000  0.000  0.000  0.000
 1020.0   95  1.4200  0.137E-01  0.032  0.070    0.60  0.0193  0.990  0.070  0.303  0.035  1.000  0.105  0.502  0.021  0.000  0.000  0.000  0.000
55555.6   95  1.8123  0.377E+00  0.032  0.070    0.60  0.0046  0.990  0.070  0.000  0.000  1.000  0.000  0.500  0.000  0.000 -0.000 -0.000  0.000
23529.4   95  1.7926  0.394E+00  0.032  0.070    0.60  0.0115  0.990  0.070  0.000  0.000  1.000  0.000  0.500  0.000  0.000  0.000  0.000  0.000
17699.1   95  1.9542  0.666E+00  0.032  0.070    0.60  0.0217  0.990  0.070  0.000  0.000  1.000  0.000  0.500  0.000  0.000  0.000  0.000 -0.000
15037.6   95  1.5722  0.269E+00  0.032  0.070    0.60  0.0148  0.990  0.070  0.000  0.000  1.000  0.001  0.500  0.000  0.000  0.000  0.000 -0.000
13157.9   95  1.6818  0.227E+00  0.032  0.070    0.60  0.0131  0.990  0.070  0.000  0.000  1.000  0.001  0.500  0.000  0.000  0.000  0.000  0.000
11111.1   95  1.8154  0.557E+00  0.032  0.070    0.60  0.0332  0.990  0.070  0.000  0.000  1.000  0.001  0.500  0.000  0.000  0.000  0.000  0.000
 9708.7   95  1.8968  0.724E+00  0.032  0.070    0.60  0.0449  0.990  0.070  0.000  0.000  1.000  0.001  0.500  0.000  0.000  0.000  0.000 -0.000
 8849.6   95  1.5905  0.805E+00  0.032  0.070    0.60  0.0706  0.990  0.070  0.000  0.000  1.000  0.001  0.500  0.000  0.000  0.000  0.000  0.000
 7782.1   95  1.0819  0.427E+00  0.032  0.070    0.60  0.0640  0.990  0.070  0.000  0.001  1.000  0.002  0.500  0.000  0.000  0.000  0.000  0.000
 6968.6   95  1.2648  0.119E+00  0.032  0.070    0.60  0.0176  0.990  0.070  0.000  0.001  1.000  0.002  0.500  0.000  0.000  0.000  0.000  0.000
 6097.6   95  1.4392  0.178E+00  0.032  0.070    0.60  0.0268  0.990  0.070  0.000  0.001  1.000  0.003  0.500  0.001  0.000  0.000  0.000  0.000
 5154.6   95  1.3947  0.131E+00  0.032  0.070    0.60  0.0242  0.990  0.070  0.000  0.001  1.000  0.004  0.500  0.001  0.000  0.000  0.000  0.000
 4618.9   95  1.4292  0.159E+00  0.032  0.070    0.60  0.0319  0.990  0.070  0.001  0.002  1.000  0.005  0.500  0.001  0.000  0.000  0.000  0.000
 4319.7   95  1.4226  0.148E+00  0.032  0.070    0.60  0.0319  0.990  0.070  0.001  0.002  1.000  0.006  0.500  0.001  0.000  0.000  0.000  0.000
 4016.1   95  1.4213  0.176E+00  0.032  0.070    0.60  0.0409  0.990  0.070  0.001  0.002  1.000  0.007  0.500  0.001  0.000  0.000  0.000  0.000
 3418.8   95  1.3373  0.207E+00  0.032  0.070    0.60  0.0599  0.990  0.070  0.001  0.003  1.000  0.009  0.500  0.002  0.000  0.000  0.000  0.000
 3444.7   95  1.3447  0.208E+00  0.032  0.070    0.60  0.0594  0.990  0.070  0.001  0.003  1.000  0.009  0.500  0.002  0.000  0.000  0.000  0.000
 2777.0   95  1.2968  0.202E-01  0.032  0.070    0.60  0.0074  0.990  0.070  0.008  0.005  1.000  0.014  0.500  0.003  0.000  0.000  0.000  0.000
 2320.2   95  1.3763  0.346E-02  0.032  0.070    0.60  0.0016  0.990  0.070  0.111  0.007  1.000  0.020  0.500  0.004  0.000  0.000  0.000  0.000
 2044.2   95  1.3966  0.455E-02  0.032  0.070    0.60  0.0025  0.990  0.070  0.133  0.009  1.000  0.026  0.500  0.005  0.000  0.000  0.000  0.000
 1778.4   95  1.4098  0.796E-02  0.032  0.070    0.60  0.0049  0.990  0.070  0.124  0.012  1.000  0.035  0.500  0.007  0.000  0.000  0.000  0.000
 1455.2   95  1.4183  0.120E-01  0.032  0.070    0.60  0.0094  0.990  0.070  0.150  0.017  1.000  0.052  0.501  0.010  0.000  0.000  0.000  0.000
 1270.3   95  1.4200  0.137E-01  0.032  0.070    0.60  0.0130  0.990  0.070  0.188  0.023  1.000  0.068  0.501  0.013  0.000  0.000  0.000  0.000
  944.3   95  1.4200  0.137E-01  0.032  0.070    0.60  0.0227  0.990  0.070  0.351  0.041  1.000  0.123  0.503  0.024  0.000  0.000  0.000  0.000
  693.5   95  1.4200  0.137E-01  0.032  0.070    0.60  0.0484  0.990  0.070  0.557  0.076  1.000  0.227  0.510  0.045  0.002  0.000  0.000  0.000
  527.1   95  1.4200  0.137E-01  0.032  0.070    0.60  0.1083  0.990  0.070  0.717  0.131  1.000  0.394  0.529  0.077  0.005  0.000  0.000  0.000
  399.8   95  1.4200  0.137E-01  0.032  0.070    0.60  0.2519  0.990  0.070  0.824  0.236  1.000  0.708  0.594  0.139  0.015  0.001  0.000  0.000
  329.1   95  1.4200  0.137E-01  0.032  0.070    0.60  0.4322  0.990  0.070  0.866  0.367  1.000  1.101  0.726  0.222  0.036  0.003  0.000  0.000
  229.8   95  1.4200  0.137E-01  0.032  0.070    0.60  1.1355  0.990  0.070  0.908  0.653  1.000  1.958  1.447  0.577  0.179  0.035  0.004  0.000
 7082.2   95  1.2291  0.131E+00  0.032  0.070    0.60  0.0195  0.990  0.070  0.000  0.001  1.000  0.002  0.500  0.000  0.000  0.000  0.000  0.000
  300.0   99  1.4200  0.137E-01  0.032  0.070    0.60  0.5473  0.990  0.070  0.878  0.452  1.000  1.357  0.848  0.283  0.056  0.006  0.000  0.000
  400.0   99  1.4200  0.137E-01  0.032  0.070    0.60  0.2515  0.990  0.070  0.824  0.236  1.000  0.707  0.594  0.139  0.015  0.001  0.000  0.000
  440.0   99  1.4200  0.137E-01  0.032  0.070    0.60  0.1889  0.990  0.070  0.793  0.192  1.000  0.575  0.562  0.113  0.010  0.001  0.000  0.000
  500.0   99  1.4200  0.137E-01  0.032  0.070    0.60  0.1274  0.990  0.070  0.742  0.147  1.000  0.440  0.537  0.086  0.006  0.000  0.000  0.000
  550.0   99  1.4200  0.137E-01  0.032  0.070    0.60  0.0951  0.990  0.070  0.696  0.121  1.000  0.362  0.525  0.071  0.004  0.000  0.000  0.000
  600.0   99  1.4200  0.137E-01  0.032  0.070    0.60  0.0732  0.990  0.070  0.647  0.101  1.000  0.303  0.517  0.059  0.003  0.000  0.000  0.000
  675.0   99  1.4200  0.137E-01  0.032  0.070    0.60  0.0522  0.990  0.070  0.575  0.080  1.000  0.239  0.511  0.047  0.002  0.000  0.000  0.000
  800.0   99  1.4200  0.137E-01  0.032  0.070    0.60  0.0333  0.990  0.070  0.461  0.057  1.000  0.171  0.506  0.034  0.001  0.000  0.000  0.000
  870.0   99  1.4200  0.137E-01  0.032  0.070    0.60  0.0272  0.990  0.070  0.404  0.048  1.000  0.144  0.504  0.029  0.001  0.000  0.000  0.000
 1000.0   99  1.4200  0.137E-01  0.032  0.070    0.60  0.0201  0.990  0.070  0.315  0.036  1.000  0.109  0.502  0.022  0.000  0.000  0.000  0.000
 1020.0   99  1.4200  0.137E-01  0.032  0.070    0.60  0.0193  0.990  0.070  0.303  0.035  1.000  0.105  0.502  0.021  0.000  0.000  0.000  0.000
55555.6   99  1.8123  0.377E+00  0.032  0.070    0.60  0.0046  0.990  0.070  0.000  0.000  1.000  0.000  0.500  0.000  0.000 -0.000 -0.000  0.000
23529.4   99  1.7926  0.394E+00  0.032  0.070    0.60  0.0115  0.990  0.070  0.000  0.000  1.000  0.000  0.500  0.000  0.000  0.000  0.000  0.000
17699.1   99  1.9542  0.666E+00  0.032  0.070    0.60  0.0217  0.990  0.070  0.000  0.000  1.000  0.000  0.500  0.000  0.000  0.000  0.000 -0.000
15037.6   99  1.5722  0.269E+00  0.032  0.070    0.60  0.0148  0.990  0.070  0.000  0.000  1.000  0.001  0.500  0.000  0.000  0.000  0.000 -0.000
13157.9   99  1.6818  0.227E+00  0.032  0.070    0.60  0.0131  0.990  0.070  0.000  0.000  1.000  0.001  0.500  0.000  0.000  0.000  0.000  0.000
11111.1   99  1.8154  0.557E+00  0.032  0.070    0.60  0.0332  0.990  0.070  0.000  0.000  1.000  0.001  0.500  0.000  0.000  0.000  0.000  0.000
 9708.7   99  1.8968  0.724E+00  0.032  0.070    0.60  0.0449  0.990  0.070  0.000  0.000  1.000  0.001  0.500  0.000  0.000  0.000  0.000 -0.000
 8849.6   99  1.5905  0.805E+00  0.032  0.070    0.60  0.0706  0.990  0.070  0.000  0.000  1.000  0.001  0.500  0.000  0.000  0.000  0.000  0.000
 7782.1   99  1.0819  0.427E+00  0.032  0.070    0.60  0.0640  0.990  0.070  0.000  0.001  1.000  0.002  0.500  0.000  0.000  0.000  0.000  0.000
 6968.6   99  1.2648  0.119E+00  0.032  0.070    0.60  0.0176  0.990  0.070  0.000  0.001  1.000  0.002  0.500  0.000  0.000  0.000  0.000  0.000
 6097.6   99  1.4392  0.178E+00  0.032  0.070    0.60  0.0268  0.990  0.070  0.000  0.001  1.000  0.003  0.500  0.001  0.000  0.000  0.000  0.000
 5154.6   99  1.3947  0.131E+00  0.032  0.070    0.60  0.0242  0.990  0.070  0.000  0.001  1.000  0.004  0.500  0.001  0.000  0.000  0.000  0.000
 4618.9   99  1.4292  0.159E+00  0.032  0.070    0.60  0.0319  0.990  0.070  0.001  0.002  1.000  0.005  0.500  0.001  0.000  0.000  0.000  0.000
 4319.7   99  1.4226  0.148E+00  0.032  0.070    0.60  0.0319  0.990  0.070  0.001  0.002  1.000  0.006  0.500  0.001  0.000  0.000  0.000  0.000
 4016.1   99  1.4213  0.176E+00  0.032  0.070    0.60  0.0409  0.990  0.070  0.001  0.002  1.000  0.007  0.500  0.001  0.000  0.000  0.000  0.000
 3418.8   99  1.3373  0.207E+00  0.032  0.070    0.60  0.0599  0.990  0.070  0.001  0.003  1.000  0.009  0.500  0.002  0.000  0.000  0.000  0.000
 3444.7   99  1.3447  0.208E+00  0.032  0.070    0.60  0.0594  0.990  0.070  0.001  0.003  1.000  0.009  0.500  0.002  0.000  0.000  0.000  0.000
 2777.0   99  1.2968  0.202E-01  0.032  0.070    0.60  0.0074  0.990  0.070  0.008  0.005  1.000  0.014  0.500  0.003  0.000  0.000  0.000  0.000
 2320.2   99  1.3763  0.346E-02  0.032  0.070    0.60  0.0016  0.990  0.070  0.111  0.007  1.000  0.020  0.500  0.004  0.000  0.000  0.000  0.000
 2044.2   99  1.3966  0.455E-02  0.032  0.070    0.60  0.0025  0.990  0.070  0.133  0.009  1.000  0.026  0.500  0.005  0.000  0.000  0.000  0.000
 1778.4   99  1.4098  0.796E-02  0.032  0.070    0.60  0.0049  0.990  0.070  0.124  0.012  1.000  0.035  0.500  0.007  0.000  0.000  0.000  0.000
 1455.2   99  1.4183  0.120E-01  0.032  0.070    0.60  0.0094  0.990  0.070  0.150  0.017  1.000  0.052  0.501  0.010  0.000  0.000  0.000  0.000
 1270.3   99  1.4200  0.137E-01  0.032  0.070    0.60  0.0130  0.990  0.070  0.188  0.023  1.000  0.068  0.501  0.013  0.000  0.000  0.000  0.000
  944.3   99  1.4200  0.137E-01  0.032  0.070    0.60  0.0227  0.990  0.070  0.351  0.041  1.000  0.123  0.503  0.024  0.000  0.000  0.000  0.000
  693.5   99  1.4200  0.137E-01  0.032  0.070    0.60  0.0484  0.990  0.070  0.557  0.076  1.000  0.227  0.510  0.045  0.002  0.000  0.000  0.000
  527.1   99  1.4200  0.137E-01  0.032  0.070    0.60  0.1083  0.990  0.070  0.717  0.131  1.000  0.394  0.529  0.077  0.005  0.000  0.000  0.000
  399.8   99  1.4200  0.137E-01  0.032  0.070    0.60  0.2519  0.990  0.070  0.824  0.236  1.000  0.708  0.594  0.139  0.015  0.001  0.000  0.000
  329.1   99  1.4200  0.137E-01  0.032  0.070    0.60  0.4322  0.990  0.070  0.866  0.367  1.000  1.101  0.726  0.222  0.036  0.003  0.000  0.000
  229.8   99  1.4200  0.137E-01  0.032  0.070    0.60  1.1355  0.990  0.070  0.908  0.653  1.000  1.958  1.447  0.577  0.179  0.035  0.004  0.000
 7082.2   99  1.2291  0.131E+00  0.032  0.070    0.60  0.0195  0.990  0.070  0.000  0.001  1.000  0.002  0.500  0.000  0.000  0.000  0.000  0.000
