 h2so4 RRTMG LUT interpolated from GADS (DAR 09/2013)
 V0.1 - contains Fast-J wavelengths but is the same as the original jv_spec.dat values
  w(nm)   RH       N         iK  RgDry  RgWet      Sg       Q  Alpha  r-eff ss-alb  g-sym  pi(0)  pi(1)  pi(2)  pi(3)  pi(4)  pi(5)  pi(6)  pi(7)
  300.0    0  1.3326  0.000E+00  0.040  0.040    0.60  0.0504  0.990  0.040  1.000  0.128  1.000  0.384  0.529  0.080  0.005  0.000  0.000  0.000
  400.0    0  1.3326  0.000E+00  0.040  0.040    0.60  0.0168  0.990  0.040  1.000  0.072  1.000  0.215  0.509  0.045  0.002  0.000  0.000  0.000
  440.0    0  1.3326  0.000E+00  0.040  0.040    0.60  0.0116  0.990  0.040  1.000  0.059  1.000  0.178  0.506  0.037  0.001  0.000  0.000  0.000
  500.0    0  1.3326  0.000E+00  0.040  0.040    0.60  0.0070  0.990  0.040  1.000  0.046  1.000  0.138  0.504  0.029  0.001  0.000  0.000  0.000
  550.0    0  1.3326  0.000E+00  0.040  0.040    0.60  0.0048  0.990  0.040  1.000  0.038  1.000  0.114  0.503  0.024  0.000  0.000  0.000  0.000
  600.0    0  1.3326  0.000E+00  0.040  0.040    0.60  0.0034  0.990  0.040  1.000  0.032  1.000  0.096  0.502  0.020  0.000  0.000  0.000  0.000
  675.0    0  1.3326  0.000E+00  0.040  0.040    0.60  0.0021  0.990  0.040  1.000  0.025  1.000  0.076  0.501  0.016  0.000  0.000  0.000  0.000
  800.0    0  1.3326  0.000E+00  0.040  0.040    0.60  0.0011  0.990  0.040  1.000  0.018  1.000  0.054  0.501  0.011  0.000  0.000  0.000  0.000
  870.0    0  1.3326  0.000E+00  0.040  0.040    0.60  0.0008  0.990  0.040  1.000  0.015  1.000  0.046  0.500  0.010  0.000  0.000  0.000  0.000
 1000.0    0  1.3326  0.000E+00  0.040  0.040    0.60  0.0004  0.990  0.040  1.000  0.012  1.000  0.035  0.500  0.007  0.000  0.000  0.000  0.000
 1020.0    0  1.3326  0.000E+00  0.040  0.040    0.60  0.0004  0.990  0.040  1.000  0.011  1.000  0.033  0.500  0.007  0.000  0.000  0.000  0.000
55555.6    0  1.1684  0.258E+00  0.040  0.040    0.60  0.0029  0.990  0.040  0.000  0.000  1.000  0.000  0.500  0.000  0.000  0.000 -0.000 -0.000
23529.4    0  1.1684  0.258E+00  0.040  0.040    0.60  0.0069  0.990  0.040  0.000  0.000  1.000  0.000  0.500  0.000  0.000  0.000 -0.000  0.000
17699.1    0  1.1684  0.258E+00  0.040  0.040    0.60  0.0091  0.990  0.040  0.000  0.000  1.000  0.000  0.500  0.000  0.000  0.000  0.000 -0.000
15037.6    0  1.1684  0.258E+00  0.040  0.040    0.60  0.0108  0.990  0.040  0.000  0.000  1.000  0.000  0.500  0.000  0.000  0.000 -0.000  0.000
13157.9    0  1.1684  0.258E+00  0.040  0.040    0.60  0.0123  0.990  0.040  0.000  0.000  1.000  0.000  0.500  0.000  0.000  0.000 -0.000  0.000
11111.1    0  1.1796  0.164E+00  0.040  0.040    0.60  0.0091  0.990  0.040  0.000  0.000  1.000  0.000  0.500  0.000  0.000  0.000 -0.000  0.000
 9708.7    0  1.3159  0.103E+00  0.040  0.040    0.60  0.0060  0.990  0.040  0.000  0.000  1.000  0.000  0.500  0.000  0.000  0.000  0.000  0.000
 8849.6    0  1.2787  0.149E+00  0.040  0.040    0.60  0.0098  0.990  0.040  0.000  0.000  1.000  0.000  0.500  0.000  0.000  0.000  0.000  0.000
 7782.1    0  1.2991  0.655E-01  0.040  0.040    0.60  0.0049  0.990  0.040  0.000  0.000  1.000  0.001  0.500  0.000  0.000  0.000 -0.000 -0.000
 6968.6    0  1.3311  0.555E-01  0.040  0.040    0.60  0.0045  0.990  0.040  0.000  0.000  1.000  0.001  0.500  0.000  0.000  0.000  0.000 -0.000
 6097.6    0  1.3533  0.119E+00  0.040  0.040    0.60  0.0109  0.990  0.040  0.000  0.000  1.000  0.001  0.500  0.000  0.000  0.000  0.000 -0.000
 5154.6    0  1.3366  0.293E-01  0.040  0.040    0.60  0.0032  0.990  0.040  0.000  0.000  1.000  0.001  0.500  0.000  0.000  0.000  0.000  0.000
 4618.9    0  1.3577  0.343E-01  0.040  0.040    0.60  0.0041  0.990  0.040  0.000  0.001  1.000  0.002  0.500  0.000  0.000  0.000  0.000  0.000
 4319.7    0  1.3621  0.267E-01  0.040  0.040    0.60  0.0034  0.990  0.040  0.000  0.001  1.000  0.002  0.500  0.000  0.000  0.000  0.000 -0.000
 4016.1    0  1.3799  0.213E-01  0.040  0.040    0.60  0.0029  0.990  0.040  0.001  0.001  1.000  0.002  0.500  0.000  0.000  0.000  0.000  0.000
 3418.8    0  1.4670  0.487E-01  0.040  0.040    0.60  0.0073  0.990  0.040  0.001  0.001  1.000  0.003  0.500  0.001  0.000  0.000  0.000  0.000
 3444.7    0  1.4602  0.438E-01  0.040  0.040    0.60  0.0066  0.990  0.040  0.001  0.001  1.000  0.003  0.500  0.001  0.000  0.000  0.000  0.000
 2777.0    0  1.1248  0.530E-01  0.040  0.040    0.60  0.0122  0.990  0.040  0.000  0.001  1.000  0.004  0.500  0.001  0.000  0.000  0.000 -0.000
 2320.2    0  1.2971  0.000E+00  0.040  0.040    0.60  0.0000  0.990  0.040  1.000  0.002  1.000  0.006  0.500  0.001  0.000  0.000  0.000  0.000
 2044.2    0  1.3176  0.000E+00  0.040  0.040    0.60  0.0000  0.990  0.040  1.000  0.003  1.000  0.008  0.500  0.002  0.000  0.000  0.000  0.000
 1778.4    0  1.3291  0.000E+00  0.040  0.040    0.60  0.0000  0.990  0.040  1.000  0.004  1.000  0.011  0.500  0.002  0.000  0.000  0.000  0.000
 1455.2    0  1.3326  0.000E+00  0.040  0.040    0.60  0.0001  0.990  0.040  1.000  0.005  1.000  0.016  0.500  0.003  0.000  0.000  0.000  0.000
 1270.3    0  1.3326  0.000E+00  0.040  0.040    0.60  0.0002  0.990  0.040  1.000  0.007  1.000  0.022  0.500  0.005  0.000  0.000  0.000  0.000
  944.3    0  1.3326  0.000E+00  0.040  0.040    0.60  0.0006  0.990  0.040  1.000  0.013  1.000  0.039  0.500  0.008  0.000  0.000  0.000  0.000
  693.5    0  1.3326  0.000E+00  0.040  0.040    0.60  0.0019  0.990  0.040  1.000  0.024  1.000  0.072  0.501  0.015  0.000  0.000  0.000  0.000
  527.1    0  1.3326  0.000E+00  0.040  0.040    0.60  0.0057  0.990  0.040  1.000  0.041  1.000  0.124  0.503  0.026  0.001  0.000  0.000  0.000
  399.8    0  1.3326  0.000E+00  0.040  0.040    0.60  0.0169  0.990  0.040  1.000  0.072  1.000  0.216  0.509  0.045  0.002  0.000  0.000  0.000
  329.1    0  1.3326  0.000E+00  0.040  0.040    0.60  0.0356  0.990  0.040  1.000  0.106  1.000  0.319  0.520  0.066  0.004  0.000  0.000  0.000
  229.8    0  1.3326  0.000E+00  0.040  0.040    0.60  0.1294  0.990  0.040  1.000  0.223  1.000  0.670  0.588  0.141  0.016  0.001  0.000  0.000
 7082.2    0  1.3270  0.562E-01  0.040  0.040    0.60  0.0045  0.990  0.040  0.000  0.000  1.000  0.001  0.500  0.000  0.000  0.000  0.000 -0.000
  300.0   50  1.3797  0.114E-01  0.040  0.060    0.60  0.3015  0.990  0.060  0.855  0.312  1.000  0.935  0.667  0.192  0.028  0.002  0.000  0.000
  400.0   50  1.3797  0.114E-01  0.040  0.060    0.60  0.1301  0.990  0.060  0.769  0.167  1.000  0.500  0.548  0.101  0.008  0.000  0.000  0.000
  440.0   50  1.3797  0.114E-01  0.040  0.060    0.60  0.0972  0.990  0.060  0.727  0.137  1.000  0.410  0.532  0.083  0.006  0.000  0.000  0.000
  500.0   50  1.3797  0.114E-01  0.040  0.060    0.60  0.0662  0.990  0.060  0.660  0.105  1.000  0.316  0.519  0.064  0.003  0.000  0.000  0.000
  550.0   50  1.3797  0.114E-01  0.040  0.060    0.60  0.0502  0.990  0.060  0.603  0.087  1.000  0.261  0.513  0.053  0.002  0.000  0.000  0.000
  600.0   50  1.3797  0.114E-01  0.040  0.060    0.60  0.0395  0.990  0.060  0.547  0.073  1.000  0.219  0.509  0.044  0.002  0.000  0.000  0.000
  675.0   50  1.3797  0.114E-01  0.040  0.060    0.60  0.0291  0.990  0.060  0.467  0.058  1.000  0.173  0.506  0.035  0.001  0.000  0.000  0.000
  800.0   50  1.3797  0.114E-01  0.040  0.060    0.60  0.0196  0.990  0.060  0.354  0.041  1.000  0.124  0.503  0.025  0.001  0.000  0.000  0.000
  870.0   50  1.3797  0.114E-01  0.040  0.060    0.60  0.0165  0.990  0.060  0.302  0.035  1.000  0.105  0.502  0.021  0.000  0.000  0.000  0.000
 1000.0   50  1.3797  0.114E-01  0.040  0.060    0.60  0.0127  0.990  0.060  0.225  0.026  1.000  0.079  0.501  0.016  0.000  0.000  0.000  0.000
 1020.0   50  1.3797  0.114E-01  0.040  0.060    0.60  0.0123  0.990  0.060  0.215  0.025  1.000  0.076  0.501  0.015  0.000  0.000  0.000  0.000
55555.6   50  1.7343  0.386E+00  0.040  0.060    0.60  0.0043  0.990  0.060  0.000  0.000  1.000  0.000  0.500  0.000  0.000  0.000 -0.000 -0.000
23529.4   50  1.7349  0.395E+00  0.040  0.060    0.60  0.0103  0.990  0.060  0.000  0.000  1.000  0.000  0.500  0.000  0.000  0.000 -0.000  0.000
17699.1   50  1.7588  0.446E+00  0.040  0.060    0.60  0.0152  0.990  0.060  0.000  0.000  1.000  0.000  0.500  0.000  0.000  0.000  0.000  0.000
15037.6   50  1.5027  0.362E+00  0.040  0.060    0.60  0.0179  0.990  0.060  0.000  0.000  1.000  0.000  0.500  0.000  0.000  0.000  0.000  0.000
13157.9   50  1.5337  0.292E+00  0.040  0.060    0.60  0.0162  0.990  0.060  0.000  0.000  1.000  0.000  0.500  0.000  0.000  0.000  0.000  0.000
11111.1   50  1.5882  0.344E+00  0.040  0.060    0.60  0.0216  0.990  0.060  0.000  0.000  1.000  0.001  0.500  0.000  0.000  0.000  0.000  0.000
 9708.7   50  1.6413  0.508E+00  0.040  0.060    0.60  0.0346  0.990  0.060  0.000  0.000  1.000  0.001  0.500  0.000  0.000  0.000  0.000 -0.000
 8849.6   50  1.4307  0.516E+00  0.040  0.060    0.60  0.0458  0.990  0.060  0.000  0.000  1.000  0.001  0.500  0.000  0.000  0.000  0.000  0.000
 7782.1   50  1.2466  0.243E+00  0.040  0.060    0.60  0.0280  0.990  0.060  0.000  0.000  1.000  0.001  0.500  0.000  0.000  0.000  0.000 -0.000
 6968.6   50  1.3269  0.172E+00  0.040  0.060    0.60  0.0210  0.990  0.060  0.000  0.001  1.000  0.002  0.500  0.000  0.000  0.000  0.000  0.000
 6097.6   50  1.4180  0.218E+00  0.040  0.060    0.60  0.0285  0.990  0.060  0.000  0.001  1.000  0.002  0.500  0.000  0.000  0.000  0.000  0.000
 5154.6   50  1.3078  0.147E+00  0.040  0.060    0.60  0.0246  0.990  0.060  0.000  0.001  1.000  0.003  0.500  0.001  0.000  0.000  0.000  0.000
 4618.9   50  1.3434  0.122E+00  0.040  0.060    0.60  0.0222  0.990  0.060  0.000  0.001  1.000  0.004  0.500  0.001  0.000  0.000  0.000  0.000
 4319.7   50  1.3490  0.116E+00  0.040  0.060    0.60  0.0226  0.990  0.060  0.000  0.001  1.000  0.004  0.500  0.001  0.000  0.000  0.000 -0.000
 4016.1   50  1.3559  0.107E+00  0.040  0.060    0.60  0.0222  0.990  0.060  0.000  0.002  1.000  0.005  0.500  0.001  0.000  0.000  0.000  0.000
 3418.8   50  1.3709  0.124E+00  0.040  0.060    0.60  0.0300  0.990  0.060  0.001  0.002  1.000  0.007  0.500  0.001  0.000  0.000  0.000  0.000
 3444.7   50  1.3700  0.120E+00  0.040  0.060    0.60  0.0289  0.990  0.060  0.001  0.002  1.000  0.007  0.500  0.001  0.000  0.000  0.000  0.000
 2777.0   50  1.1943  0.474E-01  0.040  0.060    0.60  0.0158  0.990  0.060  0.001  0.003  1.000  0.010  0.500  0.002  0.000  0.000  0.000  0.000
 2320.2   50  1.3325  0.980E-03  0.040  0.060    0.60  0.0004  0.990  0.060  0.178  0.005  1.000  0.014  0.500  0.003  0.000  0.000  0.000  0.000
 2044.2   50  1.3546  0.233E-02  0.040  0.060    0.60  0.0011  0.990  0.060  0.131  0.006  1.000  0.019  0.500  0.004  0.000  0.000  0.000  0.000
 1778.4   50  1.3679  0.541E-02  0.040  0.060    0.60  0.0028  0.990  0.060  0.096  0.008  1.000  0.025  0.500  0.005  0.000  0.000  0.000  0.000
 1455.2   50  1.3775  0.919E-02  0.040  0.060    0.60  0.0060  0.990  0.060  0.106  0.013  1.000  0.038  0.500  0.008  0.000  0.000  0.000  0.000
 1270.3   50  1.3797  0.114E-01  0.040  0.060    0.60  0.0087  0.990  0.060  0.127  0.016  1.000  0.049  0.500  0.010  0.000  0.000  0.000  0.000
  944.3   50  1.3797  0.114E-01  0.040  0.060    0.60  0.0141  0.990  0.060  0.255  0.030  1.000  0.089  0.502  0.018  0.000  0.000  0.000  0.000
  693.5   50  1.3797  0.114E-01  0.040  0.060    0.60  0.0272  0.990  0.060  0.449  0.055  1.000  0.164  0.505  0.033  0.001  0.000  0.000  0.000
  527.1   50  1.3797  0.114E-01  0.040  0.060    0.60  0.0567  0.990  0.060  0.629  0.095  1.000  0.284  0.516  0.057  0.003  0.000  0.000  0.000
  399.8   50  1.3797  0.114E-01  0.040  0.060    0.60  0.1303  0.990  0.060  0.769  0.167  1.000  0.500  0.548  0.101  0.008  0.000  0.000  0.000
  329.1   50  1.3797  0.114E-01  0.040  0.060    0.60  0.2329  0.990  0.060  0.833  0.253  1.000  0.760  0.610  0.154  0.019  0.001  0.000  0.000
  229.8   50  1.3797  0.114E-01  0.040  0.060    0.60  0.5951  0.990  0.060  0.892  0.551  1.000  1.653  1.055  0.390  0.095  0.014  0.001  0.000
 7082.2   50  1.3166  0.180E+00  0.040  0.060    0.60  0.0217  0.990  0.060  0.000  0.001  1.000  0.002  0.500  0.000  0.000  0.000  0.000  0.000
  300.0   70  1.4179  0.173E-01  0.040  0.067    0.60  0.4997  0.990  0.067  0.843  0.411  1.000  1.232  0.785  0.253  0.046  0.005  0.000  0.000
  400.0   70  1.4179  0.173E-01  0.040  0.067    0.60  0.2297  0.990  0.067  0.770  0.214  1.000  0.643  0.578  0.126  0.013  0.001  0.000  0.000
  440.0   70  1.4179  0.173E-01  0.040  0.067    0.60  0.1734  0.990  0.067  0.732  0.175  1.000  0.524  0.552  0.103  0.009  0.000  0.000  0.000
  500.0   70  1.4179  0.173E-01  0.040  0.067    0.60  0.1187  0.990  0.067  0.670  0.134  1.000  0.402  0.531  0.079  0.005  0.000  0.000  0.000
  550.0   70  1.4179  0.173E-01  0.040  0.067    0.60  0.0900  0.990  0.067  0.616  0.110  1.000  0.331  0.521  0.065  0.003  0.000  0.000  0.000
  600.0   70  1.4179  0.173E-01  0.040  0.067    0.60  0.0705  0.990  0.067  0.562  0.092  1.000  0.277  0.515  0.055  0.002  0.000  0.000  0.000
  675.0   70  1.4179  0.173E-01  0.040  0.067    0.60  0.0516  0.990  0.067  0.485  0.073  1.000  0.219  0.509  0.043  0.002  0.000  0.000  0.000
  800.0   70  1.4179  0.173E-01  0.040  0.067    0.60  0.0344  0.990  0.067  0.372  0.052  1.000  0.156  0.505  0.031  0.001  0.000  0.000  0.000
  870.0   70  1.4179  0.173E-01  0.040  0.067    0.60  0.0287  0.990  0.067  0.320  0.044  1.000  0.132  0.503  0.026  0.001  0.000  0.000  0.000
 1000.0   70  1.4179  0.173E-01  0.040  0.067    0.60  0.0219  0.990  0.067  0.241  0.033  1.000  0.100  0.502  0.020  0.000  0.000  0.000  0.000
 1020.0   70  1.4179  0.173E-01  0.040  0.067    0.60  0.0211  0.990  0.067  0.231  0.032  1.000  0.096  0.502  0.019  0.000  0.000  0.000  0.000
55555.6   70  1.8355  0.478E+00  0.040  0.067    0.60  0.0054  0.990  0.067  0.000  0.000  1.000  0.000  0.500  0.000  0.000  0.000 -0.000  0.000
23529.4   70  1.8130  0.494E+00  0.040  0.067    0.60  0.0134  0.990  0.067  0.000  0.000  1.000  0.000  0.500  0.000  0.000  0.000  0.000 -0.000
17699.1   70  1.9871  0.642E+00  0.040  0.067    0.60  0.0196  0.990  0.067  0.000  0.000  1.000  0.000  0.500  0.000  0.000  0.000  0.000  0.000
15037.6   70  1.5717  0.318E+00  0.040  0.067    0.60  0.0167  0.990  0.067  0.000  0.000  1.000  0.000  0.500  0.000  0.000  0.000 -0.000  0.000
13157.9   70  1.6893  0.278E+00  0.040  0.067    0.60  0.0152  0.990  0.067  0.000  0.000  1.000  0.001  0.500  0.000  0.000  0.000 -0.000 -0.000
11111.1   70  1.7564  0.559E+00  0.040  0.067    0.60  0.0335  0.990  0.067  0.000  0.000  1.000  0.001  0.500  0.000  0.000  0.000  0.000  0.000
 9708.7   70  1.8590  0.755E+00  0.040  0.067    0.60  0.0460  0.990  0.067  0.000  0.000  1.000  0.001  0.500  0.000  0.000  0.000  0.000  0.000
 8849.6   70  1.6034  0.777E+00  0.040  0.067    0.60  0.0648  0.990  0.067  0.000  0.000  1.000  0.001  0.500  0.000  0.000  0.000  0.000 -0.000
 7782.1   70  1.1347  0.407E+00  0.040  0.067    0.60  0.0564  0.990  0.067  0.000  0.000  1.000  0.001  0.500  0.000  0.000  0.000  0.000 -0.000
 6968.6   70  1.2809  0.172E+00  0.040  0.067    0.60  0.0242  0.990  0.067  0.000  0.001  1.000  0.002  0.500  0.000  0.000  0.000  0.000  0.000
 6097.6   70  1.4549  0.217E+00  0.040  0.067    0.60  0.0309  0.990  0.067  0.000  0.001  1.000  0.003  0.500  0.001  0.000  0.000  0.000 -0.000
 5154.6   70  1.3515  0.151E+00  0.040  0.067    0.60  0.0273  0.990  0.067  0.000  0.001  1.000  0.004  0.500  0.001  0.000  0.000  0.000 -0.000
 4618.9   70  1.4025  0.150E+00  0.040  0.067    0.60  0.0294  0.990  0.067  0.000  0.002  1.000  0.005  0.500  0.001  0.000  0.000  0.000  0.000
 4319.7   70  1.4035  0.143E+00  0.040  0.067    0.60  0.0299  0.990  0.067  0.001  0.002  1.000  0.005  0.500  0.001  0.000  0.000  0.000  0.000
 4016.1   70  1.4100  0.161E+00  0.040  0.067    0.60  0.0360  0.990  0.067  0.001  0.002  1.000  0.006  0.500  0.001  0.000  0.000  0.000 -0.000
 3418.8   70  1.3584  0.195E+00  0.040  0.067    0.60  0.0532  0.990  0.067  0.001  0.003  1.000  0.008  0.500  0.002  0.000  0.000  0.000  0.000
 3444.7   70  1.3646  0.194E+00  0.040  0.067    0.60  0.0524  0.990  0.067  0.001  0.003  1.000  0.008  0.500  0.002  0.000  0.000  0.000  0.000
 2777.0   70  1.2728  0.350E-01  0.040  0.067    0.60  0.0125  0.990  0.067  0.003  0.004  1.000  0.012  0.500  0.003  0.000  0.000  0.000  0.000
 2320.2   70  1.3750  0.847E-02  0.040  0.067    0.60  0.0035  0.990  0.067  0.042  0.006  1.000  0.018  0.500  0.004  0.000  0.000  0.000  0.000
 2044.2   70  1.3969  0.106E-01  0.040  0.067    0.60  0.0051  0.990  0.067  0.055  0.008  1.000  0.024  0.500  0.005  0.000  0.000  0.000  0.000
 1778.4   70  1.4077  0.133E-01  0.040  0.067    0.60  0.0074  0.990  0.067  0.069  0.011  1.000  0.032  0.500  0.006  0.000  0.000  0.000  0.000
 1455.2   70  1.4162  0.160E-01  0.040  0.067    0.60  0.0114  0.990  0.067  0.103  0.016  1.000  0.047  0.500  0.009  0.000  0.000  0.000  0.000
 1270.3   70  1.4179  0.173E-01  0.040  0.067    0.60  0.0148  0.990  0.067  0.137  0.021  1.000  0.062  0.501  0.012  0.000  0.000  0.000  0.000
  944.3   70  1.4179  0.173E-01  0.040  0.067    0.60  0.0244  0.990  0.067  0.272  0.037  1.000  0.112  0.502  0.022  0.000  0.000  0.000  0.000
  693.5   70  1.4179  0.173E-01  0.040  0.067    0.60  0.0482  0.990  0.067  0.467  0.069  1.000  0.208  0.508  0.041  0.001  0.000  0.000  0.000
  527.1   70  1.4179  0.173E-01  0.040  0.067    0.60  0.1017  0.990  0.067  0.640  0.120  1.000  0.361  0.525  0.071  0.004  0.000  0.000  0.000
  399.8   70  1.4179  0.173E-01  0.040  0.067    0.60  0.2300  0.990  0.067  0.770  0.215  1.000  0.644  0.578  0.126  0.013  0.001  0.000  0.000
  329.1   70  1.4179  0.173E-01  0.040  0.067    0.60  0.3947  0.990  0.067  0.826  0.332  1.000  0.996  0.685  0.199  0.030  0.003  0.000  0.000
  229.8   70  1.4179  0.173E-01  0.040  0.067    0.60  1.0079  0.990  0.067  0.879  0.640  1.000  1.920  1.342  0.517  0.151  0.027  0.003  0.000
 7082.2   70  1.2553  0.183E+00  0.040  0.067    0.60  0.0257  0.990  0.067  0.000  0.001  1.000  0.002  0.500  0.000  0.000  0.000  0.000  0.000
  300.0   80  1.4200  0.137E-01  0.040  0.072    0.60  0.5886  0.990  0.072  0.882  0.481  1.000  1.442  0.897  0.306  0.064  0.008  0.001  0.000
  400.0   80  1.4200  0.137E-01  0.040  0.072    0.60  0.2735  0.990  0.072  0.831  0.251  1.000  0.754  0.606  0.148  0.017  0.001  0.000  0.000
  440.0   80  1.4200  0.137E-01  0.040  0.072    0.60  0.2061  0.990  0.072  0.803  0.204  1.000  0.612  0.570  0.120  0.012  0.001  0.000  0.000
  500.0   80  1.4200  0.137E-01  0.040  0.072    0.60  0.1392  0.990  0.072  0.755  0.156  1.000  0.467  0.541  0.091  0.007  0.000  0.000  0.000
  550.0   80  1.4200  0.137E-01  0.040  0.072    0.60  0.1038  0.990  0.072  0.710  0.128  1.000  0.383  0.528  0.075  0.005  0.000  0.000  0.000
  600.0   80  1.4200  0.137E-01  0.040  0.072    0.60  0.0797  0.990  0.072  0.664  0.107  1.000  0.321  0.520  0.063  0.003  0.000  0.000  0.000
  675.0   80  1.4200  0.137E-01  0.040  0.072    0.60  0.0565  0.990  0.072  0.593  0.084  1.000  0.253  0.512  0.050  0.002  0.000  0.000  0.000
  800.0   80  1.4200  0.137E-01  0.040  0.072    0.60  0.0358  0.990  0.072  0.481  0.060  1.000  0.181  0.506  0.036  0.001  0.000  0.000  0.000
  870.0   80  1.4200  0.137E-01  0.040  0.072    0.60  0.0291  0.990  0.072  0.424  0.051  1.000  0.153  0.504  0.030  0.001  0.000  0.000  0.000
 1000.0   80  1.4200  0.137E-01  0.040  0.072    0.60  0.0213  0.990  0.072  0.332  0.039  1.000  0.116  0.503  0.023  0.000  0.000  0.000  0.000
 1020.0   80  1.4200  0.137E-01  0.040  0.072    0.60  0.0205  0.990  0.072  0.320  0.037  1.000  0.111  0.502  0.022  0.000  0.000  0.000  0.000
55555.6   80  1.8123  0.377E+00  0.040  0.072    0.60  0.0047  0.990  0.072  0.000  0.000  1.000  0.000  0.500  0.000  0.000  0.000 -0.000  0.000
23529.4   80  1.7926  0.394E+00  0.040  0.072    0.60  0.0118  0.990  0.072  0.000  0.000  1.000  0.000  0.500  0.000  0.000  0.000  0.000 -0.000
17699.1   80  1.9542  0.666E+00  0.040  0.072    0.60  0.0224  0.990  0.072  0.000  0.000  1.000  0.000  0.500  0.000  0.000  0.000 -0.000  0.000
15037.6   80  1.5722  0.269E+00  0.040  0.072    0.60  0.0152  0.990  0.072  0.000  0.000  1.000  0.001  0.500  0.000  0.000  0.000  0.000 -0.000
13157.9   80  1.6818  0.227E+00  0.040  0.072    0.60  0.0134  0.990  0.072  0.000  0.000  1.000  0.001  0.500  0.000  0.000  0.000  0.000 -0.000
11111.1   80  1.8154  0.557E+00  0.040  0.072    0.60  0.0342  0.990  0.072  0.000  0.000  1.000  0.001  0.500  0.000  0.000  0.000  0.000  0.000
 9708.7   80  1.8968  0.724E+00  0.040  0.072    0.60  0.0462  0.990  0.072  0.000  0.000  1.000  0.001  0.500  0.000  0.000  0.000  0.000  0.000
 8849.6   80  1.5905  0.805E+00  0.040  0.072    0.60  0.0727  0.990  0.072  0.000  0.000  1.000  0.001  0.500  0.000  0.000  0.000  0.000  0.000
 7782.1   80  1.0819  0.427E+00  0.040  0.072    0.60  0.0659  0.990  0.072  0.000  0.001  1.000  0.002  0.500  0.000  0.000  0.000  0.000  0.000
 6968.6   80  1.2648  0.119E+00  0.040  0.072    0.60  0.0181  0.990  0.072  0.000  0.001  1.000  0.002  0.500  0.000  0.000  0.000  0.000  0.000
 6097.6   80  1.4392  0.178E+00  0.040  0.072    0.60  0.0276  0.990  0.072  0.000  0.001  1.000  0.003  0.500  0.001  0.000  0.000  0.000  0.000
 5154.6   80  1.3947  0.131E+00  0.040  0.072    0.60  0.0249  0.990  0.072  0.000  0.001  1.000  0.004  0.500  0.001  0.000  0.000  0.000 -0.000
 4618.9   80  1.4292  0.159E+00  0.040  0.072    0.60  0.0328  0.990  0.072  0.001  0.002  1.000  0.005  0.500  0.001  0.000  0.000  0.000 -0.000
 4319.7   80  1.4226  0.148E+00  0.040  0.072    0.60  0.0328  0.990  0.072  0.001  0.002  1.000  0.006  0.500  0.001  0.000  0.000  0.000 -0.000
 4016.1   80  1.4213  0.176E+00  0.040  0.072    0.60  0.0421  0.990  0.072  0.001  0.002  1.000  0.007  0.500  0.001  0.000  0.000  0.000  0.000
 3418.8   80  1.3373  0.207E+00  0.040  0.072    0.60  0.0616  0.990  0.072  0.001  0.003  1.000  0.010  0.500  0.002  0.000  0.000  0.000  0.000
 3444.7   80  1.3447  0.208E+00  0.040  0.072    0.60  0.0611  0.990  0.072  0.001  0.003  1.000  0.009  0.500  0.002  0.000  0.000  0.000  0.000
 2777.0   80  1.2968  0.202E-01  0.040  0.072    0.60  0.0077  0.990  0.072  0.008  0.005  1.000  0.014  0.500  0.003  0.000  0.000  0.000  0.000
 2320.2   80  1.3763  0.346E-02  0.040  0.072    0.60  0.0017  0.990  0.072  0.119  0.007  1.000  0.021  0.500  0.004  0.000  0.000  0.000  0.000
 2044.2   80  1.3966  0.455E-02  0.040  0.072    0.60  0.0026  0.990  0.072  0.143  0.009  1.000  0.028  0.500  0.006  0.000  0.000  0.000  0.000
 1778.4   80  1.4098  0.796E-02  0.040  0.072    0.60  0.0051  0.990  0.072  0.133  0.012  1.000  0.037  0.500  0.007  0.000  0.000  0.000  0.000
 1455.2   80  1.4183  0.120E-01  0.040  0.072    0.60  0.0098  0.990  0.072  0.161  0.018  1.000  0.055  0.501  0.011  0.000  0.000  0.000  0.000
 1270.3   80  1.4200  0.137E-01  0.040  0.072    0.60  0.0136  0.990  0.072  0.201  0.024  1.000  0.072  0.501  0.014  0.000  0.000  0.000  0.000
  944.3   80  1.4200  0.137E-01  0.040  0.072    0.60  0.0242  0.990  0.072  0.369  0.043  1.000  0.130  0.503  0.026  0.001  0.000  0.000  0.000
  693.5   80  1.4200  0.137E-01  0.040  0.072    0.60  0.0524  0.990  0.072  0.576  0.080  1.000  0.240  0.511  0.047  0.002  0.000  0.000  0.000
  527.1   80  1.4200  0.137E-01  0.040  0.072    0.60  0.1183  0.990  0.072  0.731  0.139  1.000  0.418  0.533  0.082  0.006  0.000  0.000  0.000
  399.8   80  1.4200  0.137E-01  0.040  0.072    0.60  0.2739  0.990  0.072  0.831  0.251  1.000  0.754  0.607  0.148  0.017  0.001  0.000  0.000
  329.1   80  1.4200  0.137E-01  0.040  0.072    0.60  0.4654  0.990  0.072  0.870  0.392  1.000  1.176  0.759  0.239  0.042  0.004  0.000  0.000
  229.8   80  1.4200  0.137E-01  0.040  0.072    0.60  1.2270  0.990  0.072  0.912  0.657  1.000  1.970  1.515  0.623  0.203  0.041  0.006  0.001
 7082.2   80  1.2291  0.131E+00  0.040  0.072    0.60  0.0201  0.990  0.072  0.000  0.001  1.000  0.002  0.500  0.000  0.000  0.000  0.000  0.000
  300.0   90  1.4200  0.137E-01  0.040  0.082    0.60  0.8447  0.990  0.082  0.895  0.605  1.000  1.816  1.193  0.440  0.116  0.019  0.002  0.000
  400.0   90  1.4200  0.137E-01  0.040  0.082    0.60  0.3979  0.990  0.082  0.861  0.341  1.000  1.024  0.696  0.205  0.032  0.003  0.000  0.000
  440.0   90  1.4200  0.137E-01  0.040  0.082    0.60  0.3064  0.990  0.082  0.841  0.275  1.000  0.824  0.627  0.162  0.021  0.002  0.000  0.000
  500.0   90  1.4200  0.137E-01  0.040  0.082    0.60  0.2106  0.990  0.082  0.805  0.207  1.000  0.621  0.573  0.122  0.012  0.001  0.000  0.000
  550.0   90  1.4200  0.137E-01  0.040  0.082    0.60  0.1573  0.990  0.082  0.771  0.169  1.000  0.507  0.549  0.099  0.008  0.000  0.000  0.000
  600.0   90  1.4200  0.137E-01  0.040  0.082    0.60  0.1203  0.990  0.082  0.733  0.141  1.000  0.423  0.534  0.083  0.006  0.000  0.000  0.000
  675.0   90  1.4200  0.137E-01  0.040  0.082    0.60  0.0839  0.990  0.082  0.673  0.111  1.000  0.333  0.521  0.065  0.004  0.000  0.000  0.000
  800.0   90  1.4200  0.137E-01  0.040  0.082    0.60  0.0513  0.990  0.082  0.571  0.079  1.000  0.236  0.511  0.046  0.002  0.000  0.000  0.000
  870.0   90  1.4200  0.137E-01  0.040  0.082    0.60  0.0409  0.990  0.082  0.515  0.067  1.000  0.200  0.508  0.039  0.001  0.000  0.000  0.000
 1000.0   90  1.4200  0.137E-01  0.040  0.082    0.60  0.0288  0.990  0.082  0.421  0.050  1.000  0.151  0.504  0.030  0.001  0.000  0.000  0.000
 1020.0   90  1.4200  0.137E-01  0.040  0.082    0.60  0.0275  0.990  0.082  0.407  0.049  1.000  0.146  0.504  0.029  0.001  0.000  0.000  0.000
55555.6   90  1.8123  0.377E+00  0.040  0.082    0.60  0.0054  0.990  0.082  0.000  0.000  1.000  0.000  0.500  0.000  0.000  0.000 -0.000  0.000
23529.4   90  1.7926  0.394E+00  0.040  0.082    0.60  0.0135  0.990  0.082  0.000  0.000  1.000  0.000  0.500  0.000  0.000  0.000 -0.000  0.000
17699.1   90  1.9542  0.666E+00  0.040  0.082    0.60  0.0256  0.990  0.082  0.000  0.000  1.000  0.001  0.500  0.000  0.000  0.000 -0.000  0.000
15037.6   90  1.5722  0.269E+00  0.040  0.082    0.60  0.0174  0.990  0.082  0.000  0.000  1.000  0.001  0.500  0.000  0.000  0.000  0.000 -0.000
13157.9   90  1.6818  0.227E+00  0.040  0.082    0.60  0.0154  0.990  0.082  0.000  0.000  1.000  0.001  0.500  0.000  0.000  0.000  0.000  0.000
11111.1   90  1.8154  0.557E+00  0.040  0.082    0.60  0.0391  0.990  0.082  0.000  0.000  1.000  0.001  0.500  0.000  0.000  0.000  0.000  0.000
 9708.7   90  1.8968  0.724E+00  0.040  0.082    0.60  0.0529  0.990  0.082  0.000  0.001  1.000  0.002  0.500  0.000  0.000  0.000  0.000  0.000
 8849.6   90  1.5905  0.805E+00  0.040  0.082    0.60  0.0833  0.990  0.082  0.000  0.001  1.000  0.002  0.500  0.000  0.000  0.000  0.000 -0.000
 7782.1   90  1.0819  0.427E+00  0.040  0.082    0.60  0.0754  0.990  0.082  0.000  0.001  1.000  0.002  0.500  0.001  0.000  0.000  0.000  0.000
 6968.6   90  1.2648  0.119E+00  0.040  0.082    0.60  0.0207  0.990  0.082  0.000  0.001  1.000  0.003  0.500  0.001  0.000  0.000  0.000  0.000
 6097.6   90  1.4392  0.178E+00  0.040  0.082    0.60  0.0316  0.990  0.082  0.000  0.001  1.000  0.004  0.500  0.001  0.000  0.000  0.000 -0.000
 5154.6   90  1.3947  0.131E+00  0.040  0.082    0.60  0.0285  0.990  0.082  0.001  0.002  1.000  0.006  0.500  0.001  0.000  0.000  0.000  0.000
 4618.9   90  1.4292  0.159E+00  0.040  0.082    0.60  0.0376  0.990  0.082  0.001  0.002  1.000  0.007  0.500  0.001  0.000  0.000  0.000  0.000
 4319.7   90  1.4226  0.148E+00  0.040  0.082    0.60  0.0376  0.990  0.082  0.001  0.003  1.000  0.008  0.500  0.002  0.000  0.000  0.000  0.000
 4016.1   90  1.4213  0.176E+00  0.040  0.082    0.60  0.0483  0.990  0.082  0.001  0.003  1.000  0.009  0.500  0.002  0.000  0.000  0.000  0.000
 3418.8   90  1.3373  0.207E+00  0.040  0.082    0.60  0.0707  0.990  0.082  0.001  0.004  1.000  0.013  0.500  0.003  0.000  0.000  0.000  0.000
 3444.7   90  1.3447  0.208E+00  0.040  0.082    0.60  0.0701  0.990  0.082  0.001  0.004  1.000  0.012  0.500  0.003  0.000  0.000  0.000  0.000
 2777.0   90  1.2968  0.202E-01  0.040  0.082    0.60  0.0088  0.990  0.082  0.012  0.006  1.000  0.019  0.500  0.004  0.000  0.000  0.000  0.000
 2320.2   90  1.3763  0.346E-02  0.040  0.082    0.60  0.0021  0.990  0.082  0.168  0.009  1.000  0.028  0.500  0.006  0.000  0.000  0.000  0.000
 2044.2   90  1.3966  0.455E-02  0.040  0.082    0.60  0.0032  0.990  0.082  0.199  0.012  1.000  0.036  0.500  0.007  0.000  0.000  0.000  0.000
 1778.4   90  1.4098  0.796E-02  0.040  0.082    0.60  0.0063  0.990  0.082  0.186  0.016  1.000  0.048  0.500  0.010  0.000  0.000  0.000  0.000
 1455.2   90  1.4183  0.120E-01  0.040  0.082    0.60  0.0122  0.990  0.082  0.221  0.024  1.000  0.072  0.501  0.014  0.000  0.000  0.000  0.000
 1270.3   90  1.4200  0.137E-01  0.040  0.082    0.60  0.0173  0.990  0.082  0.270  0.031  1.000  0.094  0.502  0.019  0.000  0.000  0.000  0.000
  944.3   90  1.4200  0.137E-01  0.040  0.082    0.60  0.0331  0.990  0.082  0.460  0.057  1.000  0.170  0.505  0.034  0.001  0.000  0.000  0.000
  693.5   90  1.4200  0.137E-01  0.040  0.082    0.60  0.0774  0.990  0.082  0.658  0.105  1.000  0.315  0.519  0.062  0.003  0.000  0.000  0.000
  527.1   90  1.4200  0.137E-01  0.040  0.082    0.60  0.1793  0.990  0.082  0.787  0.185  1.000  0.555  0.558  0.109  0.010  0.000  0.000  0.000
  399.8   90  1.4200  0.137E-01  0.040  0.082    0.60  0.3984  0.990  0.082  0.861  0.342  1.000  1.025  0.696  0.205  0.032  0.003  0.000  0.000
  329.1   90  1.4200  0.137E-01  0.040  0.082    0.60  0.6564  0.990  0.082  0.886  0.523  1.000  1.570  0.979  0.343  0.077  0.010  0.001  0.000
  229.8   90  1.4200  0.137E-01  0.040  0.082    0.60  1.6202  0.990  0.082  0.925  0.663  1.000  1.989  1.860  0.965  0.391  0.100  0.018  0.002
 7082.2   90  1.2291  0.131E+00  0.040  0.082    0.60  0.0230  0.990  0.082  0.000  0.001  1.000  0.003  0.500  0.001  0.000  0.000  0.000 -0.000
  300.0   95  1.4200  0.137E-01  0.040  0.088    0.60  1.0264  0.990  0.088  0.903  0.643  1.000  1.928  1.361  0.525  0.154  0.028  0.003  0.000
  400.0   95  1.4200  0.137E-01  0.040  0.088    0.60  0.4741  0.990  0.088  0.871  0.398  1.000  1.195  0.768  0.243  0.043  0.004  0.000  0.000
  440.0   95  1.4200  0.137E-01  0.040  0.088    0.60  0.3693  0.990  0.088  0.856  0.320  1.000  0.960  0.672  0.191  0.028  0.002  0.000  0.000
  500.0   95  1.4200  0.137E-01  0.040  0.088    0.60  0.2574  0.990  0.088  0.826  0.240  1.000  0.720  0.597  0.141  0.016  0.001  0.000  0.000
  550.0   95  1.4200  0.137E-01  0.040  0.088    0.60  0.1935  0.990  0.088  0.796  0.195  1.000  0.585  0.564  0.114  0.011  0.001  0.000  0.000
  600.0   95  1.4200  0.137E-01  0.040  0.088    0.60  0.1481  0.990  0.088  0.763  0.162  1.000  0.487  0.545  0.095  0.007  0.000  0.000  0.000
  675.0   95  1.4200  0.137E-01  0.040  0.088    0.60  0.1030  0.990  0.088  0.709  0.127  1.000  0.381  0.528  0.075  0.005  0.000  0.000  0.000
  800.0   95  1.4200  0.137E-01  0.040  0.088    0.60  0.0621  0.990  0.088  0.613  0.090  1.000  0.270  0.514  0.053  0.002  0.000  0.000  0.000
  870.0   95  1.4200  0.137E-01  0.040  0.088    0.60  0.0490  0.990  0.088  0.560  0.076  1.000  0.229  0.510  0.045  0.002  0.000  0.000  0.000
 1000.0   95  1.4200  0.137E-01  0.040  0.088    0.60  0.0340  0.990  0.088  0.466  0.058  1.000  0.173  0.506  0.034  0.001  0.000  0.000  0.000
 1020.0   95  1.4200  0.137E-01  0.040  0.088    0.60  0.0324  0.990  0.088  0.453  0.056  1.000  0.167  0.505  0.033  0.001  0.000  0.000  0.000
55555.6   95  1.8123  0.377E+00  0.040  0.088    0.60  0.0058  0.990  0.088  0.000  0.000  1.000  0.000  0.500  0.000  0.000  0.000 -0.000 -0.000
23529.4   95  1.7926  0.394E+00  0.040  0.088    0.60  0.0145  0.990  0.088  0.000  0.000  1.000  0.000  0.500  0.000  0.000  0.000 -0.000 -0.000
17699.1   95  1.9542  0.666E+00  0.040  0.088    0.60  0.0274  0.990  0.088  0.000  0.000  1.000  0.001  0.500  0.000  0.000  0.000  0.000 -0.000
15037.6   95  1.5722  0.269E+00  0.040  0.088    0.60  0.0186  0.990  0.088  0.000  0.000  1.000  0.001  0.500  0.000  0.000  0.000  0.000 -0.000
13157.9   95  1.6818  0.227E+00  0.040  0.088    0.60  0.0165  0.990  0.088  0.000  0.000  1.000  0.001  0.500  0.000  0.000  0.000 -0.000  0.000
11111.1   95  1.8154  0.557E+00  0.040  0.088    0.60  0.0419  0.990  0.088  0.000  0.001  1.000  0.002  0.500  0.000  0.000  0.000  0.000  0.000
 9708.7   95  1.8968  0.724E+00  0.040  0.088    0.60  0.0567  0.990  0.088  0.000  0.001  1.000  0.002  0.500  0.000  0.000  0.000  0.000 -0.000
 8849.6   95  1.5905  0.805E+00  0.040  0.088    0.60  0.0891  0.990  0.088  0.000  0.001  1.000  0.002  0.500  0.000  0.000  0.000  0.000 -0.000
 7782.1   95  1.0819  0.427E+00  0.040  0.088    0.60  0.0807  0.990  0.088  0.000  0.001  1.000  0.002  0.500  0.001  0.000  0.000  0.000  0.000
 6968.6   95  1.2648  0.119E+00  0.040  0.088    0.60  0.0222  0.990  0.088  0.000  0.001  1.000  0.003  0.500  0.001  0.000  0.000  0.000 -0.000
 6097.6   95  1.4392  0.178E+00  0.040  0.088    0.60  0.0338  0.990  0.088  0.000  0.002  1.000  0.005  0.500  0.001  0.000  0.000  0.000  0.000
 5154.6   95  1.3947  0.131E+00  0.040  0.088    0.60  0.0305  0.990  0.088  0.001  0.002  1.000  0.006  0.500  0.001  0.000  0.000  0.000 -0.000
 4618.9   95  1.4292  0.159E+00  0.040  0.088    0.60  0.0403  0.990  0.088  0.001  0.003  1.000  0.008  0.500  0.002  0.000  0.000  0.000  0.000
 4319.7   95  1.4226  0.148E+00  0.040  0.088    0.60  0.0403  0.990  0.088  0.001  0.003  1.000  0.009  0.500  0.002  0.000  0.000  0.000  0.000
 4016.1   95  1.4213  0.176E+00  0.040  0.088    0.60  0.0517  0.990  0.088  0.001  0.004  1.000  0.011  0.500  0.002  0.000  0.000  0.000  0.000
 3418.8   95  1.3373  0.207E+00  0.040  0.088    0.60  0.0758  0.990  0.088  0.001  0.005  1.000  0.014  0.500  0.003  0.000  0.000  0.000  0.000
 3444.7   95  1.3447  0.208E+00  0.040  0.088    0.60  0.0751  0.990  0.088  0.001  0.005  1.000  0.014  0.500  0.003  0.000  0.000  0.000  0.000
 2777.0   95  1.2968  0.202E-01  0.040  0.088    0.60  0.0095  0.990  0.088  0.015  0.007  1.000  0.021  0.500  0.005  0.000  0.000  0.000  0.000
 2320.2   95  1.3763  0.346E-02  0.040  0.088    0.60  0.0023  0.990  0.088  0.198  0.011  1.000  0.032  0.500  0.006  0.000  0.000  0.000  0.000
 2044.2   95  1.3966  0.455E-02  0.040  0.088    0.60  0.0036  0.990  0.088  0.232  0.014  1.000  0.041  0.500  0.008  0.000  0.000  0.000  0.000
 1778.4   95  1.4098  0.796E-02  0.040  0.088    0.60  0.0070  0.990  0.088  0.218  0.018  1.000  0.055  0.501  0.011  0.000  0.000  0.000  0.000
 1455.2   95  1.4183  0.120E-01  0.040  0.088    0.60  0.0138  0.990  0.088  0.256  0.027  1.000  0.082  0.501  0.016  0.000  0.000  0.000  0.000
 1270.3   95  1.4200  0.137E-01  0.040  0.088    0.60  0.0198  0.990  0.088  0.310  0.036  1.000  0.108  0.502  0.021  0.000  0.000  0.000  0.000
  944.3   95  1.4200  0.137E-01  0.040  0.088    0.60  0.0393  0.990  0.088  0.505  0.065  1.000  0.194  0.507  0.038  0.001  0.000  0.000  0.000
  693.5   95  1.4200  0.137E-01  0.040  0.088    0.60  0.0949  0.990  0.088  0.695  0.120  1.000  0.361  0.525  0.071  0.004  0.000  0.000  0.000
  527.1   95  1.4200  0.137E-01  0.040  0.088    0.60  0.2201  0.990  0.088  0.810  0.214  1.000  0.641  0.577  0.126  0.013  0.001  0.000  0.000
  399.8   95  1.4200  0.137E-01  0.040  0.088    0.60  0.4747  0.990  0.088  0.871  0.399  1.000  1.197  0.768  0.244  0.043  0.004  0.000  0.000
  329.1   95  1.4200  0.137E-01  0.040  0.088    0.60  0.7869  0.990  0.088  0.893  0.586  1.000  1.757  1.131  0.412  0.105  0.016  0.002  0.000
  229.8   95  1.4200  0.137E-01  0.040  0.088    0.60  1.7938  0.990  0.088  0.928  0.683  1.000  2.048  2.086  1.260  0.567  0.161  0.033  0.005
 7082.2   95  1.2291  0.131E+00  0.040  0.088    0.60  0.0246  0.990  0.088  0.000  0.001  1.000  0.003  0.500  0.001  0.000  0.000  0.000  0.000
  300.0   99  1.4200  0.137E-01  0.040  0.088    0.60  1.0264  0.990  0.088  0.903  0.643  1.000  1.928  1.361  0.525  0.154  0.028  0.003  0.000
  400.0   99  1.4200  0.137E-01  0.040  0.088    0.60  0.4741  0.990  0.088  0.871  0.398  1.000  1.195  0.768  0.243  0.043  0.004  0.000  0.000
  440.0   99  1.4200  0.137E-01  0.040  0.088    0.60  0.3693  0.990  0.088  0.856  0.320  1.000  0.960  0.672  0.191  0.028  0.002  0.000  0.000
  500.0   99  1.4200  0.137E-01  0.040  0.088    0.60  0.2574  0.990  0.088  0.826  0.240  1.000  0.720  0.597  0.141  0.016  0.001  0.000  0.000
  550.0   99  1.4200  0.137E-01  0.040  0.088    0.60  0.1935  0.990  0.088  0.796  0.195  1.000  0.585  0.564  0.114  0.011  0.001  0.000  0.000
  600.0   99  1.4200  0.137E-01  0.040  0.088    0.60  0.1481  0.990  0.088  0.763  0.162  1.000  0.487  0.545  0.095  0.007  0.000  0.000  0.000
  675.0   99  1.4200  0.137E-01  0.040  0.088    0.60  0.1030  0.990  0.088  0.709  0.127  1.000  0.381  0.528  0.075  0.005  0.000  0.000  0.000
  800.0   99  1.4200  0.137E-01  0.040  0.088    0.60  0.0621  0.990  0.088  0.613  0.090  1.000  0.270  0.514  0.053  0.002  0.000  0.000  0.000
  870.0   99  1.4200  0.137E-01  0.040  0.088    0.60  0.0490  0.990  0.088  0.560  0.076  1.000  0.229  0.510  0.045  0.002  0.000  0.000  0.000
 1000.0   99  1.4200  0.137E-01  0.040  0.088    0.60  0.0340  0.990  0.088  0.466  0.058  1.000  0.173  0.506  0.034  0.001  0.000  0.000  0.000
 1020.0   99  1.4200  0.137E-01  0.040  0.088    0.60  0.0324  0.990  0.088  0.453  0.056  1.000  0.167  0.505  0.033  0.001  0.000  0.000  0.000
55555.6   99  1.8123  0.377E+00  0.040  0.088    0.60  0.0058  0.990  0.088  0.000  0.000  1.000  0.000  0.500  0.000  0.000  0.000 -0.000 -0.000
23529.4   99  1.7926  0.394E+00  0.040  0.088    0.60  0.0145  0.990  0.088  0.000  0.000  1.000  0.000  0.500  0.000  0.000  0.000 -0.000 -0.000
17699.1   99  1.9542  0.666E+00  0.040  0.088    0.60  0.0274  0.990  0.088  0.000  0.000  1.000  0.001  0.500  0.000  0.000  0.000  0.000 -0.000
15037.6   99  1.5722  0.269E+00  0.040  0.088    0.60  0.0186  0.990  0.088  0.000  0.000  1.000  0.001  0.500  0.000  0.000  0.000  0.000 -0.000
13157.9   99  1.6818  0.227E+00  0.040  0.088    0.60  0.0165  0.990  0.088  0.000  0.000  1.000  0.001  0.500  0.000  0.000  0.000 -0.000  0.000
11111.1   99  1.8154  0.557E+00  0.040  0.088    0.60  0.0419  0.990  0.088  0.000  0.001  1.000  0.002  0.500  0.000  0.000  0.000  0.000  0.000
 9708.7   99  1.8968  0.724E+00  0.040  0.088    0.60  0.0567  0.990  0.088  0.000  0.001  1.000  0.002  0.500  0.000  0.000  0.000  0.000 -0.000
 8849.6   99  1.5905  0.805E+00  0.040  0.088    0.60  0.0891  0.990  0.088  0.000  0.001  1.000  0.002  0.500  0.000  0.000  0.000  0.000 -0.000
 7782.1   99  1.0819  0.427E+00  0.040  0.088    0.60  0.0807  0.990  0.088  0.000  0.001  1.000  0.002  0.500  0.001  0.000  0.000  0.000  0.000
 6968.6   99  1.2648  0.119E+00  0.040  0.088    0.60  0.0222  0.990  0.088  0.000  0.001  1.000  0.003  0.500  0.001  0.000  0.000  0.000 -0.000
 6097.6   99  1.4392  0.178E+00  0.040  0.088    0.60  0.0338  0.990  0.088  0.000  0.002  1.000  0.005  0.500  0.001  0.000  0.000  0.000  0.000
 5154.6   99  1.3947  0.131E+00  0.040  0.088    0.60  0.0305  0.990  0.088  0.001  0.002  1.000  0.006  0.500  0.001  0.000  0.000  0.000 -0.000
 4618.9   99  1.4292  0.159E+00  0.040  0.088    0.60  0.0403  0.990  0.088  0.001  0.003  1.000  0.008  0.500  0.002  0.000  0.000  0.000  0.000
 4319.7   99  1.4226  0.148E+00  0.040  0.088    0.60  0.0403  0.990  0.088  0.001  0.003  1.000  0.009  0.500  0.002  0.000  0.000  0.000  0.000
 4016.1   99  1.4213  0.176E+00  0.040  0.088    0.60  0.0517  0.990  0.088  0.001  0.004  1.000  0.011  0.500  0.002  0.000  0.000  0.000  0.000
 3418.8   99  1.3373  0.207E+00  0.040  0.088    0.60  0.0758  0.990  0.088  0.001  0.005  1.000  0.014  0.500  0.003  0.000  0.000  0.000  0.000
 3444.7   99  1.3447  0.208E+00  0.040  0.088    0.60  0.0751  0.990  0.088  0.001  0.005  1.000  0.014  0.500  0.003  0.000  0.000  0.000  0.000
 2777.0   99  1.2968  0.202E-01  0.040  0.088    0.60  0.0095  0.990  0.088  0.015  0.007  1.000  0.021  0.500  0.005  0.000  0.000  0.000  0.000
 2320.2   99  1.3763  0.346E-02  0.040  0.088    0.60  0.0023  0.990  0.088  0.198  0.011  1.000  0.032  0.500  0.006  0.000  0.000  0.000  0.000
 2044.2   99  1.3966  0.455E-02  0.040  0.088    0.60  0.0036  0.990  0.088  0.232  0.014  1.000  0.041  0.500  0.008  0.000  0.000  0.000  0.000
 1778.4   99  1.4098  0.796E-02  0.040  0.088    0.60  0.0070  0.990  0.088  0.218  0.018  1.000  0.055  0.501  0.011  0.000  0.000  0.000  0.000
 1455.2   99  1.4183  0.120E-01  0.040  0.088    0.60  0.0138  0.990  0.088  0.256  0.027  1.000  0.082  0.501  0.016  0.000  0.000  0.000  0.000
 1270.3   99  1.4200  0.137E-01  0.040  0.088    0.60  0.0198  0.990  0.088  0.310  0.036  1.000  0.108  0.502  0.021  0.000  0.000  0.000  0.000
  944.3   99  1.4200  0.137E-01  0.040  0.088    0.60  0.0393  0.990  0.088  0.505  0.065  1.000  0.194  0.507  0.038  0.001  0.000  0.000  0.000
  693.5   99  1.4200  0.137E-01  0.040  0.088    0.60  0.0949  0.990  0.088  0.695  0.120  1.000  0.361  0.525  0.071  0.004  0.000  0.000  0.000
  527.1   99  1.4200  0.137E-01  0.040  0.088    0.60  0.2201  0.990  0.088  0.810  0.214  1.000  0.641  0.577  0.126  0.013  0.001  0.000  0.000
  399.8   99  1.4200  0.137E-01  0.040  0.088    0.60  0.4747  0.990  0.088  0.871  0.399  1.000  1.197  0.768  0.244  0.043  0.004  0.000  0.000
  329.1   99  1.4200  0.137E-01  0.040  0.088    0.60  0.7869  0.990  0.088  0.893  0.586  1.000  1.757  1.131  0.412  0.105  0.016  0.002  0.000
  229.8   99  1.4200  0.137E-01  0.040  0.088    0.60  1.7938  0.990  0.088  0.928  0.683  1.000  2.048  2.086  1.260  0.567  0.161  0.033  0.005
 7082.2   99  1.2291  0.131E+00  0.040  0.088    0.60  0.0246  0.990  0.088  0.000  0.001  1.000  0.003  0.500  0.001  0.000  0.000  0.000  0.000
