 h2so4 RRTMG LUT interpolated from GADS (DAR 09/2013)
 V0.1 - contains Fast-J wavelengths but is the same as the original jv_spec.dat values
  w(nm)   RH       N         iK  RgDry  RgWet      Sg       Q  Alpha  r-eff ss-alb  g-sym  pi(0)  pi(1)  pi(2)  pi(3)  pi(4)  pi(5)  pi(6)  pi(7)
  300.0    0  1.3326  0.000E+00  1.280  1.280    0.60  2.4285  0.990  1.280  1.000  0.861  1.000  2.582  3.913  4.673  5.390  6.031  6.682  7.437
  400.0    0  1.3326  0.000E+00  1.280  1.280    0.60  1.9693  0.990  1.280  1.000  0.808  1.000  2.425  3.587  3.913  4.307  4.434  4.555  4.611
  440.0    0  1.3326  0.000E+00  1.280  1.280    0.60  2.5191  0.990  1.280  1.000  0.802  1.000  2.407  3.723  4.335  5.163  5.693  6.215  6.588
  500.0    0  1.3326  0.000E+00  1.280  1.280    0.60  2.7225  0.990  1.280  1.000  0.843  1.000  2.528  3.909  4.698  5.613  6.349  7.081  7.686
  550.0    0  1.3326  0.000E+00  1.280  1.280    0.60  2.5081  0.990  1.280  1.000  0.776  1.000  2.328  3.604  4.139  5.067  5.744  6.452  7.044
  600.0    0  1.3326  0.000E+00  1.280  1.280    0.60  2.1783  0.990  1.280  1.000  0.741  1.000  2.224  3.311  3.548  4.011  4.342  4.821  5.147
  675.0    0  1.3326  0.000E+00  1.280  1.280    0.60  1.6823  0.990  1.280  1.000  0.666  1.000  1.997  2.726  2.367  2.363  2.196  2.212  2.213
  800.0    0  1.3326  0.000E+00  1.280  1.280    0.60  2.1066  0.990  1.280  1.000  0.707  1.000  2.120  2.877  2.723  2.603  2.470  2.347  2.422
  870.0    0  1.3326  0.000E+00  1.280  1.280    0.60  2.5161  0.990  1.280  1.000  0.755  1.000  2.265  3.142  3.259  3.343  3.331  3.334  3.441
 1000.0    0  1.3326  0.000E+00  1.280  1.280    0.60  3.2913  0.990  1.280  1.000  0.798  1.000  2.395  3.436  3.862  4.116  4.248  4.321  4.377
 1020.0    0  1.3326  0.000E+00  1.280  1.280    0.60  3.3017  0.990  1.280  1.000  0.805  1.000  2.415  3.450  3.921  4.200  4.343  4.406  4.451
55555.6    0  1.1684  0.258E+00  1.280  1.280    0.60  0.0937  0.990  1.280  0.001  0.004  1.000  0.011  0.500  0.002  0.000  0.000  0.000  0.000
23529.4    0  1.1684  0.258E+00  1.280  1.280    0.60  0.2249  0.990  1.280  0.006  0.020  1.000  0.059  0.501  0.014  0.000  0.000  0.000  0.000
17699.1    0  1.1684  0.258E+00  1.280  1.280    0.60  0.3029  0.990  1.280  0.014  0.035  1.000  0.105  0.502  0.024  0.000  0.000  0.000  0.000
15037.6    0  1.1684  0.258E+00  1.280  1.280    0.60  0.3600  0.990  1.280  0.022  0.049  1.000  0.147  0.504  0.034  0.001  0.000  0.000  0.000
13157.9    0  1.1684  0.258E+00  1.280  1.280    0.60  0.4149  0.990  1.280  0.032  0.065  1.000  0.194  0.508  0.045  0.002  0.000  0.000  0.000
11111.1    0  1.1796  0.164E+00  1.280  1.280    0.60  0.3201  0.990  1.280  0.047  0.092  1.000  0.276  0.516  0.063  0.003  0.000  0.000  0.000
 9708.7    0  1.3159  0.103E+00  1.280  1.280    0.60  0.2698  0.990  1.280  0.172  0.127  1.000  0.381  0.528  0.080  0.005  0.000  0.000  0.000
 8849.6    0  1.2787  0.149E+00  1.280  1.280    0.60  0.4086  0.990  1.280  0.139  0.154  1.000  0.461  0.542  0.099  0.008  0.000  0.000  0.000
 7782.1    0  1.2991  0.655E-01  1.280  1.280    0.60  0.2727  0.990  1.280  0.315  0.200  1.000  0.600  0.571  0.128  0.013  0.001  0.000  0.000
 6968.6    0  1.3311  0.555E-01  1.280  1.280    0.60  0.3304  0.990  1.280  0.448  0.257  1.000  0.772  0.615  0.163  0.021  0.001  0.000  0.000
 6097.6    0  1.3533  0.119E+00  1.280  1.280    0.60  0.6790  0.990  1.280  0.364  0.361  1.000  1.084  0.723  0.234  0.039  0.004  0.000  0.000
 5154.6    0  1.3366  0.293E-01  1.280  1.280    0.60  0.4980  0.990  1.280  0.711  0.494  1.000  1.481  0.940  0.349  0.079  0.011  0.001  0.000
 4618.9    0  1.3577  0.343E-01  1.280  1.280    0.60  0.7286  0.990  1.280  0.725  0.603  1.000  1.809  1.206  0.475  0.130  0.022  0.002  0.000
 4319.7    0  1.3621  0.267E-01  1.280  1.280    0.60  0.8381  0.990  1.280  0.790  0.647  1.000  1.940  1.386  0.566  0.171  0.032  0.004  0.000
 4016.1    0  1.3799  0.213E-01  1.280  1.280    0.60  1.0774  0.990  1.280  0.851  0.668  1.000  2.005  1.580  0.681  0.228  0.049  0.007  0.001
 3418.8    0  1.4670  0.487E-01  1.280  1.280    0.60  2.1068  0.990  1.280  0.803  0.687  1.000  2.062  2.073  1.273  0.568  0.156  0.031  0.004
 3444.7    0  1.4602  0.438E-01  1.280  1.280    0.60  2.0338  0.990  1.280  0.817  0.682  1.000  2.046  2.035  1.217  0.535  0.145  0.028  0.004
 2777.0    0  1.1248  0.530E-01  1.280  1.280    0.60  0.6067  0.990  1.280  0.353  0.791  1.000  2.373  2.745  2.082  1.131  0.466  0.145  0.033
 2320.2    0  1.2971  0.000E+00  1.280  1.280    0.60  1.8848  0.990  1.280  1.000  0.813  1.000  2.439  3.075  2.858  2.138  1.154  0.494  0.151
 2044.2    0  1.3176  0.000E+00  1.280  1.280    0.60  2.5924  0.990  1.280  1.000  0.828  1.000  2.484  3.308  3.365  2.925  2.135  1.195  0.459
 1778.4    0  1.3291  0.000E+00  1.280  1.280    0.60  3.2225  0.990  1.280  1.000  0.845  1.000  2.534  3.494  3.782  3.609  3.029  2.226  1.322
 1455.2    0  1.3326  0.000E+00  1.280  1.280    0.60  3.8648  0.990  1.280  1.000  0.854  1.000  2.561  3.655  4.180  4.329  4.189  3.755  3.137
 1270.3    0  1.3326  0.000E+00  1.280  1.280    0.60  3.9430  0.990  1.280  1.000  0.844  1.000  2.531  3.667  4.236  4.517  4.585  4.380  4.130
  944.3    0  1.3326  0.000E+00  1.280  1.280    0.60  2.9228  0.990  1.280  1.000  0.785  1.000  2.355  3.335  3.652  3.914  3.989  4.071  4.220
  693.5    0  1.3326  0.000E+00  1.280  1.280    0.60  1.8480  0.990  1.280  1.000  0.650  1.000  1.949  2.682  2.366  2.227  2.015  2.048  1.988
  527.1    0  1.3326  0.000E+00  1.280  1.280    0.60  2.6284  0.990  1.280  1.000  0.827  1.000  2.482  3.827  4.534  5.418  6.117  6.862  7.414
  399.8    0  1.3326  0.000E+00  1.280  1.280    0.60  1.9585  0.990  1.280  1.000  0.811  1.000  2.432  3.592  3.920  4.307  4.425  4.535  4.588
  329.1    0  1.3326  0.000E+00  1.280  1.280    0.60  2.3824  0.990  1.280  1.000  0.847  1.000  2.540  3.842  4.525  5.244  5.756  6.330  6.932
  229.8    0  1.3326  0.000E+00  1.280  1.280    0.60  2.4047  0.990  1.280  1.000  0.862  1.000  2.586  3.967  4.756  5.518  6.242  6.899  7.684
 7082.2    0  1.3270  0.562E-01  1.280  1.280    0.60  0.3184  0.990  1.280  0.432  0.248  1.000  0.744  0.607  0.157  0.019  0.001  0.000  0.000
  300.0   50  1.3797  0.114E-01  1.280  1.919    0.60  2.2304  0.990  1.919  0.624  0.931  1.000  2.794  4.384  5.768  7.133  8.458  9.791 11.092
  400.0   50  1.3797  0.114E-01  1.280  1.919    0.60  2.2885  0.990  1.919  0.668  0.913  1.000  2.739  4.248  5.481  6.729  7.888  9.038 10.129
  440.0   50  1.3797  0.114E-01  1.280  1.919    0.60  2.1021  0.990  1.919  0.652  0.890  1.000  2.670  4.057  5.085  6.145  7.114  8.092  8.996
  500.0   50  1.3797  0.114E-01  1.280  1.919    0.60  2.3424  0.990  1.919  0.703  0.895  1.000  2.686  4.098  5.164  6.249  7.245  8.299  9.324
  550.0   50  1.3797  0.114E-01  1.280  1.919    0.60  2.4149  0.990  1.919  0.726  0.897  1.000  2.691  4.098  5.138  6.194  7.150  8.160  9.129
  600.0   50  1.3797  0.114E-01  1.280  1.919    0.60  2.1945  0.990  1.919  0.708  0.878  1.000  2.634  3.928  4.791  5.612  6.279  6.964  7.627
  675.0   50  1.3797  0.114E-01  1.280  1.919    0.60  2.0912  0.990  1.919  0.702  0.851  1.000  2.554  3.759  4.464  5.206  5.642  6.051  6.377
  800.0   50  1.3797  0.114E-01  1.280  1.919    0.60  2.6447  0.990  1.919  0.780  0.867  1.000  2.600  4.008  4.968  6.106  6.927  7.726  8.286
  870.0   50  1.3797  0.114E-01  1.280  1.919    0.60  2.7251  0.990  1.919  0.800  0.853  1.000  2.560  3.952  4.884  5.983  6.818  7.714  8.351
 1000.0   50  1.3797  0.114E-01  1.280  1.919    0.60  2.3701  0.990  1.919  0.783  0.779  1.000  2.338  3.505  4.080  4.910  5.515  6.224  6.773
 1020.0   50  1.3797  0.114E-01  1.280  1.919    0.60  2.2280  0.990  1.919  0.775  0.756  1.000  2.269  3.356  3.811  4.696  5.235  5.867  6.398
55555.6   50  1.7343  0.386E+00  1.280  1.919    0.60  0.1436  0.990  1.919  0.009  0.010  1.000  0.031  0.500  0.005  0.000  0.000  0.000  0.000
23529.4   50  1.7349  0.395E+00  1.280  1.919    0.60  0.4329  0.990  1.919  0.091  0.057  1.000  0.170  0.505  0.028  0.001  0.000  0.000  0.000
17699.1   50  1.7588  0.446E+00  1.280  1.919    0.60  0.7664  0.990  1.919  0.174  0.102  1.000  0.307  0.515  0.049  0.002  0.000  0.000  0.000
15037.6   50  1.5027  0.362E+00  1.280  1.919    0.60  0.8130  0.990  1.919  0.160  0.130  1.000  0.389  0.527  0.073  0.004  0.000  0.000  0.000
13157.9   50  1.5337  0.292E+00  1.280  1.919    0.60  0.8538  0.990  1.919  0.235  0.177  1.000  0.531  0.549  0.096  0.008  0.000  0.000  0.000
11111.1   50  1.5882  0.344E+00  1.280  1.919    0.60  1.3020  0.990  1.919  0.309  0.271  1.000  0.812  0.608  0.143  0.016  0.001  0.000  0.000
 9708.7   50  1.6413  0.508E+00  1.280  1.919    0.60  1.9929  0.990  1.919  0.342  0.373  1.000  1.118  0.702  0.214  0.035  0.003  0.000  0.000
 8849.6   50  1.4307  0.516E+00  1.280  1.919    0.60  1.8478  0.990  1.919  0.293  0.418  1.000  1.254  0.795  0.307  0.064  0.007  0.000  0.000
 7782.1   50  1.2466  0.243E+00  1.280  1.919    0.60  1.0905  0.990  1.919  0.231  0.495  1.000  1.485  0.963  0.407  0.102  0.014  0.001  0.000
 6968.6   50  1.3269  0.172E+00  1.280  1.919    0.60  1.1599  0.990  1.919  0.351  0.604  1.000  1.812  1.230  0.532  0.155  0.027  0.003  0.000
 6097.6   50  1.4180  0.218E+00  1.280  1.919    0.60  1.7867  0.990  1.919  0.434  0.678  1.000  2.035  1.670  0.834  0.307  0.069  0.010  0.001
 5154.6   50  1.3078  0.147E+00  1.280  1.919    0.60  1.4878  0.990  1.919  0.444  0.731  1.000  2.194  2.199  1.323  0.582  0.176  0.037  0.005
 4618.9   50  1.3434  0.122E+00  1.280  1.919    0.60  1.7840  0.990  1.919  0.543  0.764  1.000  2.291  2.545  1.842  0.934  0.332  0.086  0.016
 4319.7   50  1.3490  0.116E+00  1.280  1.919    0.60  1.9481  0.990  1.919  0.570  0.789  1.000  2.368  2.727  2.195  1.231  0.488  0.145  0.030
 4016.1   50  1.3559  0.107E+00  1.280  1.919    0.60  2.1385  0.990  1.919  0.607  0.809  1.000  2.428  2.890  2.538  1.606  0.728  0.252  0.062
 3418.8   50  1.3709  0.124E+00  1.280  1.919    0.60  2.5584  0.990  1.919  0.605  0.840  1.000  2.520  3.291  3.280  2.708  1.757  0.857  0.299
 3444.7   50  1.3700  0.120E+00  1.280  1.919    0.60  2.5420  0.990  1.919  0.610  0.838  1.000  2.514  3.272  3.242  2.649  1.691  0.811  0.277
 2777.0   50  1.1943  0.474E-01  1.280  1.919    0.60  1.5307  0.990  1.919  0.647  0.884  1.000  2.651  3.662  3.955  3.624  2.866  1.839  0.921
 2320.2   50  1.3325  0.980E-03  1.280  1.919    0.60  3.6587  0.990  1.919  0.994  0.847  1.000  2.541  3.588  4.057  4.105  3.862  3.265  2.539
 2044.2   50  1.3546  0.233E-02  1.280  1.919    0.60  3.8998  0.990  1.919  0.985  0.833  1.000  2.500  3.564  4.067  4.313  4.260  4.016  3.627
 1778.4   50  1.3679  0.541E-02  1.280  1.919    0.60  3.4889  0.990  1.919  0.956  0.807  1.000  2.420  3.423  3.876  4.168  4.254  4.275  4.195
 1455.2   50  1.3775  0.919E-02  1.280  1.919    0.60  2.4230  0.990  1.919  0.875  0.728  1.000  2.185  2.958  2.994  3.182  3.198  3.310  3.570
 1270.3   50  1.3797  0.114E-01  1.280  1.919    0.60  2.0259  0.990  1.919  0.784  0.651  1.000  1.953  2.610  2.371  2.440  2.345  2.538  2.731
  944.3   50  1.3797  0.114E-01  1.280  1.919    0.60  2.5695  0.990  1.919  0.790  0.810  1.000  2.431  3.728  4.499  5.567  6.293  7.112  7.757
  693.5   50  1.3797  0.114E-01  1.280  1.919    0.60  2.1190  0.990  1.919  0.715  0.857  1.000  2.572  3.813  4.531  5.292  5.724  6.203  6.478
  527.1   50  1.3797  0.114E-01  1.280  1.919    0.60  2.4194  0.990  1.919  0.721  0.899  1.000  2.698  4.121  5.197  6.293  7.313  8.381  9.413
  399.8   50  1.3797  0.114E-01  1.280  1.919    0.60  2.2898  0.990  1.919  0.668  0.913  1.000  2.739  4.248  5.482  6.732  7.892  9.043 10.136
  329.1   50  1.3797  0.114E-01  1.280  1.919    0.60  2.1401  0.990  1.919  0.619  0.921  1.000  2.764  4.293  5.577  6.841  8.039  9.253 10.436
  229.8   50  1.3797  0.114E-01  1.280  1.919    0.60  2.1064  0.990  1.919  0.575  0.941  1.000  2.824  4.483  5.987  7.461  8.905 10.341 11.749
 7082.2   50  1.3166  0.180E+00  1.280  1.919    0.60  1.1350  0.990  1.919  0.332  0.589  1.000  1.768  1.186  0.510  0.145  0.024  0.003  0.000
  300.0   70  1.4179  0.173E-01  1.280  2.140    0.60  2.1640  0.990  2.140  0.556  0.947  1.000  2.840  4.555  6.164  7.736  9.267 10.768 12.224
  400.0   70  1.4179  0.173E-01  1.280  2.140    0.60  2.1823  0.990  2.140  0.577  0.932  1.000  2.796  4.405  5.847  7.256  8.610  9.952 11.244
  440.0   70  1.4179  0.173E-01  1.280  2.140    0.60  2.1770  0.990  2.140  0.583  0.926  1.000  2.777  4.348  5.730  7.079  8.349  9.598 10.787
  500.0   70  1.4179  0.173E-01  1.280  2.140    0.60  2.2631  0.990  2.140  0.612  0.919  1.000  2.757  4.304  5.639  6.972  8.195  9.398 10.502
  550.0   70  1.4179  0.173E-01  1.280  2.140    0.60  2.1197  0.990  2.140  0.597  0.899  1.000  2.696  4.130  5.296  6.482  7.557  8.626  9.564
  600.0   70  1.4179  0.173E-01  1.280  2.140    0.60  2.2660  0.990  2.140  0.631  0.899  1.000  2.698  4.137  5.302  6.508  7.627  8.754  9.771
  675.0   70  1.4179  0.173E-01  1.280  2.140    0.60  2.4042  0.990  2.140  0.666  0.901  1.000  2.704  4.129  5.267  6.420  7.479  8.570  9.608
  800.0   70  1.4179  0.173E-01  1.280  2.140    0.60  2.0873  0.990  2.140  0.635  0.863  1.000  2.590  3.812  4.601  5.377  5.865  6.419  6.852
  870.0   70  1.4179  0.173E-01  1.280  2.140    0.60  2.2330  0.990  2.140  0.667  0.873  1.000  2.618  3.903  4.760  5.615  6.176  6.735  7.063
 1000.0   70  1.4179  0.173E-01  1.280  2.140    0.60  2.6779  0.990  2.140  0.732  0.870  1.000  2.611  4.027  5.079  6.230  7.032  7.853  8.418
 1020.0   70  1.4179  0.173E-01  1.280  2.140    0.60  2.6950  0.990  2.140  0.735  0.873  1.000  2.619  4.025  5.078  6.267  7.116  7.914  8.464
55555.6   70  1.8355  0.478E+00  1.280  2.140    0.60  0.1846  0.990  2.140  0.013  0.013  1.000  0.039  0.500  0.006  0.000  0.000  0.000  0.000
23529.4   70  1.8130  0.494E+00  1.280  2.140    0.60  0.6144  0.990  2.140  0.124  0.073  1.000  0.218  0.508  0.034  0.001  0.000  0.000  0.000
17699.1   70  1.9871  0.642E+00  1.280  2.140    0.60  1.2693  0.990  2.140  0.254  0.141  1.000  0.423  0.525  0.058  0.003  0.000  0.000  0.000
15037.6   70  1.5717  0.318E+00  1.280  2.140    0.60  0.8940  0.990  2.140  0.236  0.171  1.000  0.512  0.545  0.090  0.007  0.000  0.000  0.000
13157.9   70  1.6893  0.278E+00  1.280  2.140    0.60  1.1372  0.990  2.140  0.367  0.248  1.000  0.743  0.586  0.117  0.011  0.001  0.000  0.000
11111.1   70  1.7564  0.559E+00  1.280  2.140    0.60  2.2072  0.990  2.140  0.368  0.365  1.000  1.094  0.680  0.193  0.030  0.002  0.000  0.000
 9708.7   70  1.8590  0.755E+00  1.280  2.140    0.60  2.7348  0.990  2.140  0.415  0.437  1.000  1.312  0.791  0.316  0.075  0.008  0.001  0.000
 8849.6   70  1.6034  0.777E+00  1.280  2.140    0.60  2.5345  0.990  2.140  0.377  0.498  1.000  1.495  0.961  0.473  0.140  0.020  0.002  0.000
 7782.1   70  1.1347  0.407E+00  1.280  2.140    0.60  1.5072  0.990  2.140  0.236  0.571  1.000  1.714  1.230  0.625  0.209  0.040  0.005  0.000
 6968.6   70  1.2809  0.172E+00  1.280  2.140    0.60  1.1954  0.990  2.140  0.335  0.668  1.000  2.004  1.545  0.744  0.258  0.056  0.008  0.001
 6097.6   70  1.4549  0.217E+00  1.280  2.140    0.60  2.1195  0.990  2.140  0.486  0.709  1.000  2.128  2.061  1.222  0.525  0.144  0.027  0.003
 5154.6   70  1.3515  0.151E+00  1.280  2.140    0.60  1.8876  0.990  2.140  0.507  0.768  1.000  2.305  2.573  1.890  0.971  0.352  0.093  0.017
 4618.9   70  1.4025  0.150E+00  1.280  2.140    0.60  2.3690  0.990  2.140  0.567  0.803  1.000  2.409  2.850  2.476  1.539  0.690  0.233  0.054
 4319.7   70  1.4035  0.143E+00  1.280  2.140    0.60  2.4955  0.990  2.140  0.585  0.815  1.000  2.446  3.005  2.773  1.936  0.999  0.389  0.104
 4016.1   70  1.4100  0.161E+00  1.280  2.140    0.60  2.6397  0.990  2.140  0.570  0.830  1.000  2.491  3.203  3.135  2.479  1.513  0.690  0.220
 3418.8   70  1.3584  0.195E+00  1.280  2.140    0.60  2.5468  0.990  2.140  0.519  0.865  1.000  2.596  3.540  3.815  3.507  2.747  1.720  0.835
 3444.7   70  1.3646  0.194E+00  1.280  2.140    0.60  2.5664  0.990  2.140  0.522  0.863  1.000  2.590  3.524  3.785  3.465  2.692  1.665  0.796
 2777.0   70  1.2728  0.350E-01  1.280  2.140    0.60  2.6282  0.990  2.140  0.802  0.885  1.000  2.656  3.749  4.218  4.192  3.702  2.932  1.968
 2320.2   70  1.3750  0.847E-02  1.280  2.140    0.60  3.8300  0.990  2.140  0.947  0.826  1.000  2.479  3.509  3.983  4.226  4.180  3.958  3.590
 2044.2   70  1.3969  0.106E-01  1.280  2.140    0.60  3.3157  0.990  2.140  0.914  0.790  1.000  2.370  3.298  3.679  3.960  4.052  4.105  4.071
 1778.4   70  1.4077  0.133E-01  1.280  2.140    0.60  2.5220  0.990  2.140  0.838  0.709  1.000  2.127  2.859  2.928  3.099  3.153  3.342  3.536
 1455.2   70  1.4162  0.160E-01  1.280  2.140    0.60  1.9760  0.990  2.140  0.710  0.637  1.000  1.910  2.575  2.404  2.748  2.752  3.115  3.362
 1270.3   70  1.4179  0.173E-01  1.280  2.140    0.60  2.1678  0.990  2.140  0.716  0.770  1.000  2.311  3.345  3.817  4.649  5.205  5.725  6.104
  944.3   70  1.4179  0.173E-01  1.280  2.140    0.60  2.5272  0.990  2.140  0.710  0.873  1.000  2.620  3.996  5.022  6.086  6.820  7.525  8.035
  693.5   70  1.4179  0.173E-01  1.280  2.140    0.60  2.3748  0.990  2.140  0.664  0.898  1.000  2.693  4.095  5.192  6.272  7.255  8.285  9.289
  527.1   70  1.4179  0.173E-01  1.280  2.140    0.60  2.1603  0.990  2.140  0.598  0.907  1.000  2.720  4.200  5.435  6.686  7.833  8.956  9.936
  399.8   70  1.4179  0.173E-01  1.280  2.140    0.60  2.1831  0.990  2.140  0.577  0.932  1.000  2.796  4.406  5.848  7.258  8.613  9.956 11.249
  329.1   70  1.4179  0.173E-01  1.280  2.140    0.60  2.1514  0.990  2.140  0.558  0.941  1.000  2.824  4.505  6.061  7.584  9.063 10.506 11.890
  229.8   70  1.4179  0.173E-01  1.280  2.140    0.60  2.1457  0.990  2.140  0.545  0.955  1.000  2.864  4.647  6.355  8.029  9.674 11.287 12.865
 7082.2   70  1.2553  0.183E+00  1.280  2.140    0.60  1.1459  0.990  2.140  0.299  0.656  1.000  1.969  1.487  0.715  0.244  0.051  0.007  0.001
  300.0   80  1.4200  0.137E-01  1.280  2.301    0.60  2.1365  0.990  2.301  0.568  0.940  1.000  2.821  4.491  6.033  7.549  9.034 10.504 11.936
  400.0   80  1.4200  0.137E-01  1.280  2.301    0.60  2.2390  0.990  2.301  0.612  0.928  1.000  2.785  4.369  5.772  7.165  8.516  9.862 11.160
  440.0   80  1.4200  0.137E-01  1.280  2.301    0.60  2.1478  0.990  2.301  0.605  0.917  1.000  2.751  4.263  5.555  6.831  8.041  9.263 10.445
  500.0   80  1.4200  0.137E-01  1.280  2.301    0.60  2.2967  0.990  2.301  0.642  0.915  1.000  2.744  4.265  5.544  6.839  8.019  9.214 10.312
  550.0   80  1.4200  0.137E-01  1.280  2.301    0.60  2.2333  0.990  2.301  0.645  0.902  1.000  2.705  4.162  5.345  6.564  7.664  8.764  9.744
  600.0   80  1.4200  0.137E-01  1.280  2.301    0.60  2.1135  0.990  2.301  0.634  0.879  1.000  2.638  3.987  5.004  6.097  7.067  8.028  8.867
  675.0   80  1.4200  0.137E-01  1.280  2.301    0.60  2.3737  0.990  2.301  0.693  0.891  1.000  2.673  4.071  5.137  6.278  7.328  8.430  9.431
  800.0   80  1.4200  0.137E-01  1.280  2.301    0.60  2.1837  0.990  2.301  0.689  0.867  1.000  2.601  3.847  4.651  5.471  6.105  6.812  7.458
  870.0   80  1.4200  0.137E-01  1.280  2.301    0.60  2.0739  0.990  2.301  0.675  0.841  1.000  2.524  3.670  4.332  5.047  5.408  5.838  6.146
 1000.0   80  1.4200  0.137E-01  1.280  2.301    0.60  2.4457  0.990  2.301  0.744  0.865  1.000  2.596  3.918  4.779  5.713  6.306  6.963  7.341
 1020.0   80  1.4200  0.137E-01  1.280  2.301    0.60  2.5339  0.990  2.301  0.752  0.862  1.000  2.585  3.923  4.866  5.883  6.532  7.167  7.628
55555.6   80  1.8123  0.377E+00  1.280  2.301    0.60  0.1624  0.990  2.301  0.017  0.015  1.000  0.046  0.500  0.007  0.000  0.000  0.000  0.000
23529.4   80  1.7926  0.394E+00  1.280  2.301    0.60  0.5746  0.990  2.301  0.156  0.085  1.000  0.254  0.510  0.040  0.001  0.000  0.000  0.000
17699.1   80  1.9542  0.666E+00  1.280  2.301    0.60  1.4923  0.990  2.301  0.274  0.161  1.000  0.484  0.533  0.068  0.004  0.000  0.000  0.000
15037.6   80  1.5722  0.269E+00  1.280  2.301    0.60  0.8967  0.990  2.301  0.284  0.201  1.000  0.603  0.561  0.105  0.009  0.000  0.000  0.000
13157.9   80  1.6818  0.227E+00  1.280  2.301    0.60  1.1697  0.990  2.301  0.429  0.293  1.000  0.878  0.618  0.138  0.016  0.001  0.000  0.000
11111.1   80  1.8154  0.557E+00  1.280  2.301    0.60  2.4636  0.990  2.301  0.404  0.423  1.000  1.270  0.745  0.236  0.044  0.004  0.000  0.000
 9708.7   80  1.8968  0.724E+00  1.280  2.301    0.60  2.8174  0.990  2.301  0.435  0.487  1.000  1.462  0.899  0.411  0.116  0.015  0.001  0.000
 8849.6   80  1.5905  0.805E+00  1.280  2.301    0.60  2.6024  0.990  2.301  0.387  0.548  1.000  1.643  1.128  0.613  0.215  0.036  0.004  0.000
 7782.1   80  1.0819  0.427E+00  1.280  2.301    0.60  1.5685  0.990  2.301  0.250  0.613  1.000  1.840  1.432  0.775  0.296  0.067  0.010  0.001
 6968.6   80  1.2648  0.119E+00  1.280  2.301    0.60  1.0523  0.990  2.301  0.391  0.698  1.000  2.095  1.752  0.881  0.328  0.080  0.013  0.001
 6097.6   80  1.4392  0.178E+00  1.280  2.301    0.60  2.1502  0.990  2.301  0.526  0.732  1.000  2.197  2.290  1.502  0.695  0.213  0.046  0.007
 5154.6   80  1.3947  0.131E+00  1.280  2.301    0.60  2.2463  0.990  2.301  0.583  0.792  1.000  2.376  2.745  2.271  1.309  0.532  0.163  0.035
 4618.9   80  1.4292  0.159E+00  1.280  2.301    0.60  2.6254  0.990  2.301  0.578  0.815  1.000  2.444  3.030  2.830  2.027  1.087  0.436  0.119
 4319.7   80  1.4226  0.148E+00  1.280  2.301    0.60  2.7215  0.990  2.301  0.593  0.827  1.000  2.480  3.184  3.111  2.462  1.508  0.686  0.216
 4016.1   80  1.4213  0.176E+00  1.280  2.301    0.60  2.7597  0.990  2.301  0.562  0.843  1.000  2.529  3.345  3.449  2.982  2.097  1.119  0.436
 3418.8   80  1.3373  0.207E+00  1.280  2.301    0.60  2.5080  0.990  2.301  0.503  0.878  1.000  2.635  3.675  4.090  3.935  3.333  2.370  1.353
 3444.7   80  1.3447  0.208E+00  1.280  2.301    0.60  2.5294  0.990  2.301  0.505  0.877  1.000  2.630  3.660  4.064  3.898  3.285  2.315  1.306
 2777.0   80  1.2968  0.202E-01  1.280  2.301    0.60  3.1520  0.990  2.301  0.885  0.875  1.000  2.624  3.734  4.273  4.355  4.071  3.438  2.638
 2320.2   80  1.3763  0.346E-02  1.280  2.301    0.60  3.8678  0.990  2.301  0.974  0.811  1.000  2.434  3.483  3.927  4.172  4.271  4.118  3.996
 2044.2   80  1.3966  0.455E-02  1.280  2.301    0.60  3.2003  0.990  2.301  0.952  0.751  1.000  2.253  3.186  3.368  3.606  3.722  3.767  3.991
 1778.4   80  1.4098  0.796E-02  1.280  2.301    0.60  2.1316  0.990  2.301  0.874  0.660  1.000  1.979  2.579  2.308  2.451  2.372  2.470  2.792
 1455.2   80  1.4183  0.120E-01  1.280  2.301    0.60  1.9712  0.990  2.301  0.762  0.664  1.000  1.992  2.770  2.770  3.431  3.565  4.025  4.252
 1270.3   80  1.4200  0.137E-01  1.280  2.301    0.60  2.4401  0.990  2.301  0.777  0.812  1.000  2.436  3.666  4.360  5.395  6.068  6.764  7.180
  944.3   80  1.4200  0.137E-01  1.280  2.301    0.60  2.2196  0.990  2.301  0.713  0.859  1.000  2.578  3.809  4.557  5.318  5.766  6.263  6.548
  693.5   80  1.4200  0.137E-01  1.280  2.301    0.60  2.4436  0.990  2.301  0.702  0.891  1.000  2.674  4.070  5.156  6.297  7.342  8.438  9.492
  527.1   80  1.4200  0.137E-01  1.280  2.301    0.60  2.3277  0.990  2.301  0.652  0.912  1.000  2.735  4.243  5.504  6.789  7.961  9.121 10.191
  399.8   80  1.4200  0.137E-01  1.280  2.301    0.60  2.2378  0.990  2.301  0.612  0.928  1.000  2.785  4.369  5.771  7.165  8.517  9.862 11.160
  329.1   80  1.4200  0.137E-01  1.280  2.301    0.60  2.1915  0.990  2.301  0.586  0.938  1.000  2.815  4.467  5.979  7.469  8.918 10.350 11.741
  229.8   80  1.4200  0.137E-01  1.280  2.301    0.60  2.1146  0.990  2.301  0.550  0.950  1.000  2.851  4.601  6.263  7.898  9.510 11.101 12.659
 7082.2   80  1.2291  0.131E+00  1.280  2.301    0.60  0.9753  0.990  2.301  0.323  0.691  1.000  2.073  1.691  0.849  0.313  0.075  0.012  0.001
  300.0   90  1.4200  0.137E-01  1.280  2.634    0.60  2.1172  0.990  2.634  0.556  0.945  1.000  2.836  4.548  6.154  7.734  9.287 10.817 12.308
  400.0   90  1.4200  0.137E-01  1.280  2.634    0.60  2.1793  0.990  2.634  0.588  0.933  1.000  2.800  4.425  5.894  7.351  8.756 10.147 11.481
  440.0   90  1.4200  0.137E-01  1.280  2.634    0.60  2.1674  0.990  2.634  0.595  0.927  1.000  2.781  4.362  5.759  7.147  8.488  9.822 11.091
  500.0   90  1.4200  0.137E-01  1.280  2.634    0.60  2.1543  0.990  2.634  0.606  0.918  1.000  2.754  4.275  5.575  6.867  8.097  9.341 10.527
  550.0   90  1.4200  0.137E-01  1.280  2.634    0.60  2.1848  0.990  2.634  0.622  0.913  1.000  2.739  4.240  5.491  6.746  7.891  9.057 10.158
  600.0   90  1.4200  0.137E-01  1.280  2.634    0.60  2.3200  0.990  2.634  0.653  0.913  1.000  2.738  4.248  5.510  6.794  7.958  9.122 10.205
  675.0   90  1.4200  0.137E-01  1.280  2.634    0.60  2.0901  0.990  2.634  0.634  0.882  1.000  2.646  4.008  5.026  6.113  7.059  8.044  8.872
  800.0   90  1.4200  0.137E-01  1.280  2.634    0.60  2.4340  0.990  2.634  0.704  0.893  1.000  2.678  4.073  5.151  6.285  7.339  8.426  9.465
  870.0   90  1.4200  0.137E-01  1.280  2.634    0.60  2.3410  0.990  2.634  0.700  0.879  1.000  2.638  3.963  4.910  5.921  6.772  7.706  8.570
 1000.0   90  1.4200  0.137E-01  1.280  2.634    0.60  2.0640  0.990  2.634  0.679  0.845  1.000  2.535  3.684  4.347  5.033  5.388  5.784  6.073
 1020.0   90  1.4200  0.137E-01  1.280  2.634    0.60  2.0912  0.990  2.634  0.683  0.852  1.000  2.556  3.719  4.371  5.027  5.405  5.830  6.101
55555.6   90  1.8123  0.377E+00  1.280  2.634    0.60  0.1905  0.990  2.634  0.026  0.020  1.000  0.060  0.501  0.010  0.000  0.000  0.000  0.000
23529.4   90  1.7926  0.394E+00  1.280  2.634    0.60  0.7355  0.990  2.634  0.206  0.112  1.000  0.337  0.518  0.052  0.002  0.000  0.000  0.000
17699.1   90  1.9542  0.666E+00  1.280  2.634    0.60  1.9045  0.990  2.634  0.328  0.219  1.000  0.656  0.558  0.092  0.008  0.000  0.000  0.000
15037.6   90  1.5722  0.269E+00  1.280  2.634    0.60  1.1296  0.990  2.634  0.337  0.276  1.000  0.829  0.614  0.145  0.017  0.001  0.000  0.000
13157.9   90  1.6818  0.227E+00  1.280  2.634    0.60  1.5266  0.990  2.634  0.470  0.405  1.000  1.214  0.723  0.194  0.030  0.003  0.000  0.000
11111.1   90  1.8154  0.557E+00  1.280  2.634    0.60  2.6640  0.990  2.634  0.433  0.509  1.000  1.526  0.923  0.382  0.100  0.013  0.001  0.000
 9708.7   90  1.8968  0.724E+00  1.280  2.634    0.60  2.9047  0.990  2.634  0.445  0.575  1.000  1.725  1.229  0.702  0.268  0.046  0.005  0.000
 8849.6   90  1.5905  0.805E+00  1.280  2.634    0.60  2.6952  0.990  2.634  0.407  0.624  1.000  1.873  1.551  0.927  0.414  0.095  0.014  0.001
 7782.1   90  1.0819  0.427E+00  1.280  2.634    0.60  1.6742  0.990  2.634  0.279  0.686  1.000  2.059  1.894  1.133  0.516  0.157  0.031  0.004
 6968.6   90  1.2648  0.119E+00  1.280  2.634    0.60  1.2437  0.990  2.634  0.433  0.736  1.000  2.208  2.218  1.332  0.587  0.181  0.039  0.006
 6097.6   90  1.4392  0.178E+00  1.280  2.634    0.60  2.4279  0.990  2.634  0.546  0.784  1.000  2.353  2.695  2.187  1.233  0.491  0.145  0.029
 5154.6   90  1.3947  0.131E+00  1.280  2.634    0.60  2.5102  0.990  2.634  0.600  0.821  1.000  2.462  3.072  2.889  2.108  1.149  0.472  0.135
 4618.9   90  1.4292  0.159E+00  1.280  2.634    0.60  2.8272  0.990  2.634  0.585  0.839  1.000  2.518  3.317  3.404  2.925  2.043  1.074  0.407
 4319.7   90  1.4226  0.148E+00  1.280  2.634    0.60  2.8866  0.990  2.634  0.598  0.849  1.000  2.547  3.409  3.629  3.281  2.525  1.517  0.687
 4016.1   90  1.4213  0.176E+00  1.280  2.634    0.60  2.8508  0.990  2.634  0.560  0.863  1.000  2.590  3.564  3.935  3.774  3.188  2.246  1.261
 3418.8   90  1.3373  0.207E+00  1.280  2.634    0.60  2.5714  0.990  2.634  0.507  0.893  1.000  2.679  3.855  4.484  4.627  4.329  3.669  2.710
 3444.7   90  1.3447  0.208E+00  1.280  2.634    0.60  2.5897  0.990  2.634  0.509  0.892  1.000  2.675  3.841  4.459  4.592  4.284  3.615  2.648
 2777.0   90  1.2968  0.202E-01  1.280  2.634    0.60  3.4563  0.990  2.634  0.881  0.886  1.000  2.657  3.845  4.531  4.836  4.780  4.468  3.902
 2320.2   90  1.3763  0.346E-02  1.280  2.634    0.60  3.3917  0.990  2.634  0.966  0.778  1.000  2.334  3.332  3.633  3.899  4.024  4.058  4.207
 2044.2   90  1.3966  0.455E-02  1.280  2.634    0.60  2.3450  0.990  2.634  0.931  0.688  1.000  2.063  2.774  2.596  2.729  2.672  2.747  3.028
 1778.4   90  1.4098  0.796E-02  1.280  2.634    0.60  1.9317  0.990  2.634  0.826  0.583  1.000  1.749  2.373  1.945  2.166  1.999  2.292  2.497
 1455.2   90  1.4183  0.120E-01  1.280  2.634    0.60  2.4226  0.990  2.634  0.797  0.805  1.000  2.414  3.626  4.262  5.264  5.898  6.578  6.971
 1270.3   90  1.4200  0.137E-01  1.280  2.634    0.60  2.6946  0.990  2.634  0.780  0.867  1.000  2.602  3.975  4.942  6.058  6.859  7.623  8.112
  944.3   90  1.4200  0.137E-01  1.280  2.634    0.60  2.1096  0.990  2.634  0.677  0.855  1.000  2.564  3.739  4.470  5.231  5.747  6.335  6.877
  693.5   90  1.4200  0.137E-01  1.280  2.634    0.60  2.0951  0.990  2.634  0.636  0.880  1.000  2.639  3.982  4.981  6.052  7.017  7.990  8.817
  527.1   90  1.4200  0.137E-01  1.280  2.634    0.60  2.1192  0.990  2.634  0.604  0.911  1.000  2.734  4.221  5.462  6.699  7.846  9.014 10.113
  399.8   90  1.4200  0.137E-01  1.280  2.634    0.60  2.1802  0.990  2.634  0.588  0.933  1.000  2.800  4.426  5.896  7.353  8.759 10.150 11.485
  329.1   90  1.4200  0.137E-01  1.280  2.634    0.60  2.1770  0.990  2.634  0.574  0.944  1.000  2.833  4.529  6.106  7.661  9.189 10.701 12.171
  229.8   90  1.4200  0.137E-01  1.280  2.634    0.60  2.1233  0.990  2.634  0.548  0.955  1.000  2.864  4.647  6.359  8.045  9.710 11.353 12.965
 7082.2   90  1.2291  0.131E+00  1.280  2.634    0.60  1.1389  0.990  2.634  0.362  0.736  1.000  2.208  2.165  1.275  0.554  0.169  0.035  0.005
  300.0   95  1.4200  0.137E-01  1.280  2.817    0.60  2.1442  0.990  2.817  0.559  0.949  1.000  2.848  4.588  6.232  7.851  9.443 11.016 12.553
  400.0   95  1.4200  0.137E-01  1.280  2.817    0.60  2.1793  0.990  2.817  0.583  0.938  1.000  2.815  4.468  5.979  7.467  8.913 10.349 11.740
  440.0   95  1.4200  0.137E-01  1.280  2.817    0.60  2.1280  0.990  2.817  0.582  0.929  1.000  2.788  4.388  5.816  7.233  8.598  9.951 11.241
  500.0   95  1.4200  0.137E-01  1.280  2.817    0.60  2.2521  0.990  2.817  0.617  0.927  1.000  2.782  4.362  5.755  7.143  8.482  9.826 11.116
  550.0   95  1.4200  0.137E-01  1.280  2.817    0.60  2.1192  0.990  2.817  0.602  0.913  1.000  2.739  4.236  5.494  6.747  7.918  9.113 10.241
  600.0   95  1.4200  0.137E-01  1.280  2.817    0.60  2.2427  0.990  2.817  0.633  0.914  1.000  2.743  4.251  5.524  6.793  7.958  9.134 10.254
  675.0   95  1.4200  0.137E-01  1.280  2.817    0.60  2.2224  0.990  2.817  0.645  0.901  1.000  2.704  4.156  5.333  6.541  7.631  8.721  9.703
  800.0   95  1.4200  0.137E-01  1.280  2.817    0.60  2.2832  0.990  2.817  0.677  0.888  1.000  2.664  4.045  5.090  6.200  7.218  8.294  9.240
  870.0   95  1.4200  0.137E-01  1.280  2.817    0.60  2.4588  0.990  2.817  0.711  0.893  1.000  2.679  4.081  5.147  6.239  7.245  8.330  9.359
 1000.0   95  1.4200  0.137E-01  1.280  2.817    0.60  2.1322  0.990  2.817  0.682  0.860  1.000  2.579  3.783  4.526  5.284  5.810  6.471  7.042
 1020.0   95  1.4200  0.137E-01  1.280  2.817    0.60  2.0939  0.990  2.817  0.677  0.854  1.000  2.561  3.731  4.451  5.177  5.666  6.176  6.656
55555.6   95  1.8123  0.377E+00  1.280  2.817    0.60  0.2070  0.990  2.817  0.031  0.023  1.000  0.068  0.501  0.011  0.000  0.000  0.000  0.000
23529.4   95  1.7926  0.394E+00  1.280  2.817    0.60  0.8366  0.990  2.817  0.233  0.130  1.000  0.389  0.524  0.059  0.003  0.000  0.000  0.000
17699.1   95  1.9542  0.666E+00  1.280  2.817    0.60  2.1230  0.990  2.817  0.353  0.254  1.000  0.762  0.578  0.108  0.010  0.001  0.000  0.000
15037.6   95  1.5722  0.269E+00  1.280  2.817    0.60  1.2615  0.990  2.817  0.360  0.325  1.000  0.974  0.656  0.173  0.023  0.002  0.000  0.000
13157.9   95  1.6818  0.227E+00  1.280  2.817    0.60  1.7328  0.990  2.817  0.487  0.468  1.000  1.403  0.801  0.234  0.041  0.004  0.000  0.000
11111.1   95  1.8154  0.557E+00  1.280  2.817    0.60  2.7315  0.990  2.817  0.444  0.547  1.000  1.641  1.059  0.497  0.153  0.022  0.002  0.000
 9708.7   95  1.8968  0.724E+00  1.280  2.817    0.60  2.9539  0.990  2.817  0.449  0.614  1.000  1.841  1.457  0.887  0.383  0.077  0.010  0.001
 8849.6   95  1.5905  0.805E+00  1.280  2.817    0.60  2.7237  0.990  2.817  0.418  0.651  1.000  1.952  1.790  1.113  0.547  0.150  0.026  0.003
 7782.1   95  1.0819  0.427E+00  1.280  2.817    0.60  1.7241  0.990  2.817  0.293  0.714  1.000  2.141  2.135  1.368  0.672  0.233  0.053  0.008
 6968.6   95  1.2648  0.119E+00  1.280  2.817    0.60  1.3441  0.990  2.817  0.451  0.755  1.000  2.266  2.446  1.638  0.787  0.271  0.067  0.012
 6097.6   95  1.4392  0.178E+00  1.280  2.817    0.60  2.5393  0.990  2.817  0.555  0.801  1.000  2.403  2.857  2.509  1.589  0.733  0.253  0.059
 5154.6   95  1.3947  0.131E+00  1.280  2.817    0.60  2.6402  0.990  2.817  0.604  0.833  1.000  2.499  3.234  3.186  2.573  1.616  0.759  0.251
 4618.9   95  1.4292  0.159E+00  1.280  2.817    0.60  2.8806  0.990  2.817  0.585  0.849  1.000  2.548  3.417  3.648  3.314  2.564  1.556  0.715
 4319.7   95  1.4226  0.148E+00  1.280  2.817    0.60  2.9383  0.990  2.817  0.594  0.859  1.000  2.578  3.522  3.866  3.676  3.076  2.130  1.167
 4016.1   95  1.4213  0.176E+00  1.280  2.817    0.60  2.8697  0.990  2.817  0.557  0.871  1.000  2.612  3.655  4.128  4.124  3.700  2.902  1.892
 3418.8   95  1.3373  0.207E+00  1.280  2.817    0.60  2.5855  0.990  2.817  0.507  0.900  1.000  2.700  3.933  4.661  4.929  4.788  4.281  3.472
 3444.7   95  1.3447  0.208E+00  1.280  2.817    0.60  2.6019  0.990  2.817  0.508  0.898  1.000  2.695  3.920  4.637  4.896  4.745  4.230  3.411
 2777.0   95  1.2968  0.202E-01  1.280  2.817    0.60  3.5255  0.990  2.817  0.876  0.885  1.000  2.656  3.883  4.614  4.985  5.063  4.854  4.479
 2320.2   95  1.3763  0.346E-02  1.280  2.817    0.60  2.8360  0.990  2.817  0.959  0.746  1.000  2.238  3.085  3.295  3.486  3.558  3.649  3.794
 2044.2   95  1.3966  0.455E-02  1.280  2.817    0.60  2.1593  0.990  2.817  0.912  0.629  1.000  1.886  2.536  2.179  2.126  2.019  2.083  2.248
 1778.4   95  1.4098  0.796E-02  1.280  2.817    0.60  1.8603  0.990  2.817  0.823  0.632  1.000  1.897  2.578  2.370  2.902  2.903  3.257  3.438
 1455.2   95  1.4183  0.120E-01  1.280  2.817    0.60  2.6386  0.990  2.817  0.805  0.843  1.000  2.530  3.856  4.692  5.775  6.518  7.293  7.735
 1270.3   95  1.4200  0.137E-01  1.280  2.817    0.60  2.6028  0.990  2.817  0.756  0.867  1.000  2.600  3.953  4.895  5.969  6.693  7.368  7.825
  944.3   95  1.4200  0.137E-01  1.280  2.817    0.60  2.3042  0.990  2.817  0.702  0.880  1.000  2.641  3.953  4.867  5.779  6.571  7.451  8.266
  693.5   95  1.4200  0.137E-01  1.280  2.817    0.60  2.1619  0.990  2.817  0.637  0.892  1.000  2.675  4.091  5.197  6.368  7.403  8.455  9.340
  527.1   95  1.4200  0.137E-01  1.280  2.817    0.60  2.1906  0.990  2.817  0.611  0.921  1.000  2.762  4.301  5.626  6.943  8.195  9.464 10.686
  399.8   95  1.4200  0.137E-01  1.280  2.817    0.60  2.1789  0.990  2.817  0.583  0.938  1.000  2.815  4.468  5.979  7.467  8.913 10.349 11.740
  329.1   95  1.4200  0.137E-01  1.280  2.817    0.60  2.1137  0.990  2.817  0.557  0.944  1.000  2.833  4.535  6.127  7.694  9.234 10.751 12.226
  229.8   95  1.4200  0.137E-01  1.280  2.817    0.60  2.0991  0.990  2.817  0.541  0.955  1.000  2.866  4.658  6.384  8.083  9.763 11.420 13.049
 7082.2   95  1.2291  0.131E+00  1.280  2.817    0.60  1.2243  0.990  2.817  0.381  0.754  1.000  2.263  2.397  1.561  0.737  0.251  0.060  0.010
  300.0   99  1.4200  0.137E-01  1.280  2.817    0.60  2.1442  0.990  2.817  0.559  0.949  1.000  2.848  4.588  6.232  7.851  9.443 11.016 12.553
  400.0   99  1.4200  0.137E-01  1.280  2.817    0.60  2.1793  0.990  2.817  0.583  0.938  1.000  2.815  4.468  5.979  7.467  8.913 10.349 11.740
  440.0   99  1.4200  0.137E-01  1.280  2.817    0.60  2.1280  0.990  2.817  0.582  0.929  1.000  2.788  4.388  5.816  7.233  8.598  9.951 11.241
  500.0   99  1.4200  0.137E-01  1.280  2.817    0.60  2.2521  0.990  2.817  0.617  0.927  1.000  2.782  4.362  5.755  7.143  8.482  9.826 11.116
  550.0   99  1.4200  0.137E-01  1.280  2.817    0.60  2.1192  0.990  2.817  0.602  0.913  1.000  2.739  4.236  5.494  6.747  7.918  9.113 10.241
  600.0   99  1.4200  0.137E-01  1.280  2.817    0.60  2.2427  0.990  2.817  0.633  0.914  1.000  2.743  4.251  5.524  6.793  7.958  9.134 10.254
  675.0   99  1.4200  0.137E-01  1.280  2.817    0.60  2.2224  0.990  2.817  0.645  0.901  1.000  2.704  4.156  5.333  6.541  7.631  8.721  9.703
  800.0   99  1.4200  0.137E-01  1.280  2.817    0.60  2.2832  0.990  2.817  0.677  0.888  1.000  2.664  4.045  5.090  6.200  7.218  8.294  9.240
  870.0   99  1.4200  0.137E-01  1.280  2.817    0.60  2.4588  0.990  2.817  0.711  0.893  1.000  2.679  4.081  5.147  6.239  7.245  8.330  9.359
 1000.0   99  1.4200  0.137E-01  1.280  2.817    0.60  2.1322  0.990  2.817  0.682  0.860  1.000  2.579  3.783  4.526  5.284  5.810  6.471  7.042
 1020.0   99  1.4200  0.137E-01  1.280  2.817    0.60  2.0939  0.990  2.817  0.677  0.854  1.000  2.561  3.731  4.451  5.177  5.666  6.176  6.656
55555.6   99  1.8123  0.377E+00  1.280  2.817    0.60  0.2070  0.990  2.817  0.031  0.023  1.000  0.068  0.501  0.011  0.000  0.000  0.000  0.000
23529.4   99  1.7926  0.394E+00  1.280  2.817    0.60  0.8366  0.990  2.817  0.233  0.130  1.000  0.389  0.524  0.059  0.003  0.000  0.000  0.000
17699.1   99  1.9542  0.666E+00  1.280  2.817    0.60  2.1230  0.990  2.817  0.353  0.254  1.000  0.762  0.578  0.108  0.010  0.001  0.000  0.000
15037.6   99  1.5722  0.269E+00  1.280  2.817    0.60  1.2615  0.990  2.817  0.360  0.325  1.000  0.974  0.656  0.173  0.023  0.002  0.000  0.000
13157.9   99  1.6818  0.227E+00  1.280  2.817    0.60  1.7328  0.990  2.817  0.487  0.468  1.000  1.403  0.801  0.234  0.041  0.004  0.000  0.000
11111.1   99  1.8154  0.557E+00  1.280  2.817    0.60  2.7315  0.990  2.817  0.444  0.547  1.000  1.641  1.059  0.497  0.153  0.022  0.002  0.000
 9708.7   99  1.8968  0.724E+00  1.280  2.817    0.60  2.9539  0.990  2.817  0.449  0.614  1.000  1.841  1.457  0.887  0.383  0.077  0.010  0.001
 8849.6   99  1.5905  0.805E+00  1.280  2.817    0.60  2.7237  0.990  2.817  0.418  0.651  1.000  1.952  1.790  1.113  0.547  0.150  0.026  0.003
 7782.1   99  1.0819  0.427E+00  1.280  2.817    0.60  1.7241  0.990  2.817  0.293  0.714  1.000  2.141  2.135  1.368  0.672  0.233  0.053  0.008
 6968.6   99  1.2648  0.119E+00  1.280  2.817    0.60  1.3441  0.990  2.817  0.451  0.755  1.000  2.266  2.446  1.638  0.787  0.271  0.067  0.012
 6097.6   99  1.4392  0.178E+00  1.280  2.817    0.60  2.5393  0.990  2.817  0.555  0.801  1.000  2.403  2.857  2.509  1.589  0.733  0.253  0.059
 5154.6   99  1.3947  0.131E+00  1.280  2.817    0.60  2.6402  0.990  2.817  0.604  0.833  1.000  2.499  3.234  3.186  2.573  1.616  0.759  0.251
 4618.9   99  1.4292  0.159E+00  1.280  2.817    0.60  2.8806  0.990  2.817  0.585  0.849  1.000  2.548  3.417  3.648  3.314  2.564  1.556  0.715
 4319.7   99  1.4226  0.148E+00  1.280  2.817    0.60  2.9383  0.990  2.817  0.594  0.859  1.000  2.578  3.522  3.866  3.676  3.076  2.130  1.167
 4016.1   99  1.4213  0.176E+00  1.280  2.817    0.60  2.8697  0.990  2.817  0.557  0.871  1.000  2.612  3.655  4.128  4.124  3.700  2.902  1.892
 3418.8   99  1.3373  0.207E+00  1.280  2.817    0.60  2.5855  0.990  2.817  0.507  0.900  1.000  2.700  3.933  4.661  4.929  4.788  4.281  3.472
 3444.7   99  1.3447  0.208E+00  1.280  2.817    0.60  2.6019  0.990  2.817  0.508  0.898  1.000  2.695  3.920  4.637  4.896  4.745  4.230  3.411
 2777.0   99  1.2968  0.202E-01  1.280  2.817    0.60  3.5255  0.990  2.817  0.876  0.885  1.000  2.656  3.883  4.614  4.985  5.063  4.854  4.479
 2320.2   99  1.3763  0.346E-02  1.280  2.817    0.60  2.8360  0.990  2.817  0.959  0.746  1.000  2.238  3.085  3.295  3.486  3.558  3.649  3.794
 2044.2   99  1.3966  0.455E-02  1.280  2.817    0.60  2.1593  0.990  2.817  0.912  0.629  1.000  1.886  2.536  2.179  2.126  2.019  2.083  2.248
 1778.4   99  1.4098  0.796E-02  1.280  2.817    0.60  1.8603  0.990  2.817  0.823  0.632  1.000  1.897  2.578  2.370  2.902  2.903  3.257  3.438
 1455.2   99  1.4183  0.120E-01  1.280  2.817    0.60  2.6386  0.990  2.817  0.805  0.843  1.000  2.530  3.856  4.692  5.775  6.518  7.293  7.735
 1270.3   99  1.4200  0.137E-01  1.280  2.817    0.60  2.6028  0.990  2.817  0.756  0.867  1.000  2.600  3.953  4.895  5.969  6.693  7.368  7.825
  944.3   99  1.4200  0.137E-01  1.280  2.817    0.60  2.3042  0.990  2.817  0.702  0.880  1.000  2.641  3.953  4.867  5.779  6.571  7.451  8.266
  693.5   99  1.4200  0.137E-01  1.280  2.817    0.60  2.1619  0.990  2.817  0.637  0.892  1.000  2.675  4.091  5.197  6.368  7.403  8.455  9.340
  527.1   99  1.4200  0.137E-01  1.280  2.817    0.60  2.1906  0.990  2.817  0.611  0.921  1.000  2.762  4.301  5.626  6.943  8.195  9.464 10.686
  399.8   99  1.4200  0.137E-01  1.280  2.817    0.60  2.1789  0.990  2.817  0.583  0.938  1.000  2.815  4.468  5.979  7.467  8.913 10.349 11.740
  329.1   99  1.4200  0.137E-01  1.280  2.817    0.60  2.1137  0.990  2.817  0.557  0.944  1.000  2.833  4.535  6.127  7.694  9.234 10.751 12.226
  229.8   99  1.4200  0.137E-01  1.280  2.817    0.60  2.0991  0.990  2.817  0.541  0.955  1.000  2.866  4.658  6.384  8.083  9.763 11.420 13.049
 7082.2   99  1.2291  0.131E+00  1.280  2.817    0.60  1.2243  0.990  2.817  0.381  0.754  1.000  2.263  2.397  1.561  0.737  0.251  0.060  0.010
