 h2so4 RRTMG LUT interpolated from GADS (DAR 09/2013)
 V0.1 - contains Fast-J wavelengths but is the same as the original jv_spec.dat values
  w(nm)   RH       N         iK  RgDry  RgWet      Sg       Q  Alpha  r-eff ss-alb  g-sym  pi(0)  pi(1)  pi(2)  pi(3)  pi(4)  pi(5)  pi(6)  pi(7)
  300.0    0  1.3326  0.000E+00  2.560  2.560    0.60  2.2543  0.990  2.560  1.000  0.855  1.000  2.564  3.945  4.701  5.496  6.230  6.919  7.715
  400.0    0  1.3326  0.000E+00  2.560  2.560    0.60  1.9321  0.990  2.560  1.000  0.839  1.000  2.516  3.774  4.314  4.862  5.267  5.659  6.165
  440.0    0  1.3326  0.000E+00  2.560  2.560    0.60  2.3609  0.990  2.560  1.000  0.851  1.000  2.552  3.920  4.649  5.395  6.090  6.726  7.458
  500.0    0  1.3326  0.000E+00  2.560  2.560    0.60  2.1016  0.990  2.560  1.000  0.803  1.000  2.409  3.657  4.152  4.737  5.339  5.825  6.427
  550.0    0  1.3326  0.000E+00  2.560  2.560    0.60  2.0311  0.990  2.560  1.000  0.833  1.000  2.500  3.729  4.250  4.737  5.160  5.577  6.106
  600.0    0  1.3326  0.000E+00  2.560  2.560    0.60  2.4285  0.990  2.560  1.000  0.861  1.000  2.582  3.913  4.673  5.390  6.031  6.682  7.437
  675.0    0  1.3326  0.000E+00  2.560  2.560    0.60  2.2695  0.990  2.560  1.000  0.843  1.000  2.530  3.810  4.437  4.994  5.474  5.886  6.445
  800.0    0  1.3326  0.000E+00  2.560  2.560    0.60  1.9693  0.990  2.560  1.000  0.808  1.000  2.425  3.587  3.913  4.307  4.434  4.555  4.611
  870.0    0  1.3326  0.000E+00  2.560  2.560    0.60  2.3436  0.990  2.560  1.000  0.834  1.000  2.502  3.793  4.402  5.077  5.520  5.932  6.301
 1000.0    0  1.3326  0.000E+00  2.560  2.560    0.60  2.7225  0.990  2.560  1.000  0.843  1.000  2.528  3.909  4.698  5.613  6.349  7.081  7.686
 1020.0    0  1.3326  0.000E+00  2.560  2.560    0.60  2.8629  0.990  2.560  1.000  0.809  1.000  2.426  3.801  4.533  5.475  6.197  6.973  7.637
55555.6    0  1.1684  0.258E+00  2.560  2.560    0.60  0.1895  0.990  2.560  0.004  0.014  1.000  0.042  0.500  0.010  0.000  0.000  0.000  0.000
23529.4    0  1.1684  0.258E+00  2.560  2.560    0.60  0.4674  0.990  2.560  0.042  0.082  1.000  0.245  0.512  0.057  0.003  0.000  0.000  0.000
17699.1    0  1.1684  0.258E+00  2.560  2.560    0.60  0.6295  0.990  2.560  0.082  0.150  1.000  0.451  0.541  0.105  0.009  0.000  0.000  0.000
15037.6    0  1.1684  0.258E+00  2.560  2.560    0.60  0.7403  0.990  2.560  0.112  0.216  1.000  0.649  0.585  0.155  0.018  0.001  0.000  0.000
13157.9    0  1.1684  0.258E+00  2.560  2.560    0.60  0.8397  0.990  2.560  0.139  0.292  1.000  0.877  0.655  0.217  0.034  0.003  0.000  0.000
11111.1    0  1.1796  0.164E+00  2.560  2.560    0.60  0.6913  0.990  2.560  0.174  0.412  1.000  1.235  0.817  0.323  0.069  0.008  0.001  0.000
 9708.7    0  1.3159  0.103E+00  2.560  2.560    0.60  0.8216  0.990  2.560  0.417  0.559  1.000  1.678  1.091  0.443  0.116  0.018  0.002  0.000
 8849.6    0  1.2787  0.149E+00  2.560  2.560    0.60  1.0261  0.990  2.560  0.335  0.630  1.000  1.891  1.345  0.609  0.191  0.036  0.004  0.000
 7782.1    0  1.2991  0.655E-01  2.560  2.560    0.60  0.9495  0.990  2.560  0.565  0.692  1.000  2.076  1.710  0.817  0.293  0.069  0.011  0.001
 6968.6    0  1.3311  0.555E-01  2.560  2.560    0.60  1.2665  0.990  2.560  0.678  0.706  1.000  2.119  2.047  1.132  0.469  0.131  0.025  0.003
 6097.6    0  1.3533  0.119E+00  2.560  2.560    0.60  1.8549  0.990  2.560  0.559  0.768  1.000  2.303  2.575  1.905  0.982  0.354  0.093  0.017
 5154.6    0  1.3366  0.293E-01  2.560  2.560    0.60  2.0099  0.990  2.560  0.838  0.803  1.000  2.408  2.871  2.543  1.650  0.740  0.262  0.067
 4618.9    0  1.3577  0.343E-01  2.560  2.560    0.60  2.5215  0.990  2.560  0.834  0.814  1.000  2.443  3.131  2.979  2.341  1.399  0.642  0.201
 4319.7    0  1.3621  0.267E-01  2.560  2.560    0.60  2.8202  0.990  2.560  0.869  0.822  1.000  2.467  3.243  3.236  2.747  1.907  0.994  0.350
 4016.1    0  1.3799  0.213E-01  2.560  2.560    0.60  3.2481  0.990  2.560  0.900  0.826  1.000  2.478  3.282  3.450  3.070  2.380  1.426  0.609
 3418.8    0  1.4670  0.487E-01  2.560  2.560    0.60  3.5849  0.990  2.560  0.789  0.812  1.000  2.436  3.329  3.708  3.751  3.574  3.004  2.276
 3444.7    0  1.4602  0.438E-01  2.560  2.560    0.60  3.6509  0.990  2.560  0.809  0.812  1.000  2.437  3.331  3.692  3.728  3.516  2.923  2.177
 2777.0    0  1.1248  0.530E-01  2.560  2.560    0.60  1.3698  0.990  2.560  0.521  0.928  1.000  2.785  4.127  4.927  5.199  4.988  4.373  3.499
 2320.2    0  1.2971  0.000E+00  2.560  2.560    0.60  3.8715  0.990  2.560  1.000  0.871  1.000  2.612  3.811  4.534  4.928  5.064  4.983  4.730
 2044.2    0  1.3176  0.000E+00  2.560  2.560    0.60  3.4834  0.990  2.560  1.000  0.831  1.000  2.493  3.597  4.181  4.529  4.715  4.771  4.793
 1778.4    0  1.3291  0.000E+00  2.560  2.560    0.60  2.7758  0.990  2.560  1.000  0.763  1.000  2.290  3.235  3.460  3.566  3.631  3.656  3.772
 1455.2    0  1.3326  0.000E+00  2.560  2.560    0.60  1.7068  0.990  2.560  1.000  0.658  1.000  1.973  2.608  2.170  1.989  1.708  1.539  1.555
 1270.3    0  1.3326  0.000E+00  2.560  2.560    0.60  1.8802  0.990  2.560  1.000  0.711  1.000  2.134  3.041  3.005  3.194  3.320  3.538  3.678
  944.3    0  1.3326  0.000E+00  2.560  2.560    0.60  2.6377  0.990  2.560  1.000  0.837  1.000  2.512  3.889  4.649  5.599  6.287  6.977  7.497
  693.5    0  1.3326  0.000E+00  2.560  2.560    0.60  2.2631  0.990  2.560  1.000  0.801  1.000  2.402  3.633  4.161  4.844  5.150  5.557  5.855
  527.1    0  1.3326  0.000E+00  2.560  2.560    0.60  2.0518  0.990  2.560  1.000  0.765  1.000  2.296  3.477  3.813  4.342  4.908  5.325  5.830
  399.8    0  1.3326  0.000E+00  2.560  2.560    0.60  1.9352  0.990  2.560  1.000  0.835  1.000  2.505  3.761  4.294  4.855  5.259  5.659  6.162
  329.1    0  1.3326  0.000E+00  2.560  2.560    0.60  2.0407  0.990  2.560  1.000  0.828  1.000  2.485  3.769  4.331  4.891  5.529  6.020  6.700
  229.8    0  1.3326  0.000E+00  2.560  2.560    0.60  2.0362  0.990  2.560  1.000  0.865  1.000  2.596  3.946  4.651  5.270  5.870  6.413  7.145
 7082.2    0  1.3270  0.562E-01  2.560  2.560    0.60  1.2155  0.990  2.560  0.666  0.704  1.000  2.113  1.997  1.074  0.435  0.119  0.022  0.003
  300.0   50  1.3797  0.114E-01  2.560  3.837    0.60  2.1204  0.990  3.837  0.552  0.958  1.000  2.875  4.661  6.370  8.052  9.720 11.370 12.998
  400.0   50  1.3797  0.114E-01  2.560  3.837    0.60  2.1012  0.990  3.837  0.563  0.947  1.000  2.842  4.545  6.123  7.673  9.203 10.718 12.205
  440.0   50  1.3797  0.114E-01  2.560  3.837    0.60  2.1640  0.990  3.837  0.583  0.946  1.000  2.838  4.525  6.075  7.596  9.092 10.581 12.045
  500.0   50  1.3797  0.114E-01  2.560  3.837    0.60  2.1967  0.990  3.837  0.599  0.941  1.000  2.822  4.475  5.965  7.433  8.867 10.289 11.675
  550.0   50  1.3797  0.114E-01  2.560  3.837    0.60  2.1004  0.990  3.837  0.591  0.930  1.000  2.790  4.376  5.762  7.130  8.467  9.792 11.078
  600.0   50  1.3797  0.114E-01  2.560  3.837    0.60  2.2304  0.990  3.837  0.624  0.931  1.000  2.794  4.384  5.768  7.133  8.458  9.791 11.092
  675.0   50  1.3797  0.114E-01  2.560  3.837    0.60  2.0965  0.990  3.837  0.616  0.917  1.000  2.752  4.257  5.500  6.723  7.872  9.033 10.162
  800.0   50  1.3797  0.114E-01  2.560  3.837    0.60  2.2885  0.990  3.837  0.668  0.913  1.000  2.739  4.248  5.481  6.729  7.888  9.038 10.129
  870.0   50  1.3797  0.114E-01  2.560  3.837    0.60  2.0962  0.990  3.837  0.651  0.890  1.000  2.670  4.063  5.109  6.196  7.191  8.194  9.111
 1000.0   50  1.3797  0.114E-01  2.560  3.837    0.60  2.3424  0.990  3.837  0.703  0.895  1.000  2.686  4.098  5.164  6.249  7.245  8.299  9.324
 1020.0   50  1.3797  0.114E-01  2.560  3.837    0.60  2.3639  0.990  3.837  0.711  0.898  1.000  2.695  4.110  5.188  6.275  7.315  8.378  9.417
55555.6   50  1.7343  0.386E+00  2.560  3.837    0.60  0.3330  0.990  3.837  0.060  0.041  1.000  0.122  0.502  0.020  0.000  0.000  0.000  0.000
23529.4   50  1.7349  0.395E+00  2.560  3.837    0.60  1.4531  0.990  3.837  0.339  0.256  1.000  0.767  0.588  0.119  0.012  0.001  0.000  0.000
17699.1   50  1.7588  0.446E+00  2.560  3.837    0.60  2.3302  0.990  3.837  0.416  0.467  1.000  1.401  0.808  0.266  0.053  0.006  0.000  0.000
15037.6   50  1.5027  0.362E+00  2.560  3.837    0.60  1.9330  0.990  3.837  0.370  0.568  1.000  1.704  1.100  0.467  0.129  0.019  0.002  0.000
13157.9   50  1.5337  0.292E+00  2.560  3.837    0.60  2.1419  0.990  3.837  0.444  0.644  1.000  1.931  1.450  0.691  0.237  0.046  0.006  0.000
11111.1   50  1.5882  0.344E+00  2.560  3.837    0.60  2.6195  0.990  3.837  0.473  0.707  1.000  2.120  2.086  1.322  0.597  0.165  0.031  0.004
 9708.7   50  1.6413  0.508E+00  2.560  3.837    0.60  2.7784  0.990  3.837  0.456  0.740  1.000  2.220  2.540  1.974  1.143  0.483  0.141  0.025
 8849.6   50  1.4307  0.516E+00  2.560  3.837    0.60  2.4935  0.990  3.837  0.420  0.773  1.000  2.320  2.792  2.390  1.513  0.747  0.265  0.061
 7782.1   50  1.2466  0.243E+00  2.560  3.837    0.60  1.8848  0.990  3.837  0.387  0.826  1.000  2.478  3.082  2.822  1.927  0.997  0.393  0.112
 6968.6   50  1.3269  0.172E+00  2.560  3.837    0.60  2.2647  0.990  3.837  0.508  0.846  1.000  2.538  3.307  3.279  2.640  1.642  0.778  0.271
 6097.6   50  1.4180  0.218E+00  2.560  3.837    0.60  2.7242  0.990  3.837  0.523  0.860  1.000  2.581  3.530  3.849  3.609  2.922  1.921  0.990
 5154.6   50  1.3078  0.147E+00  2.560  3.837    0.60  2.5472  0.990  3.837  0.549  0.892  1.000  2.677  3.804  4.342  4.362  3.925  3.140  2.114
 4618.9   50  1.3434  0.122E+00  2.560  3.837    0.60  2.8604  0.990  3.837  0.598  0.895  1.000  2.684  3.868  4.546  4.774  4.631  4.128  3.355
 4319.7   50  1.3490  0.116E+00  2.560  3.837    0.60  2.9148  0.990  3.837  0.603  0.898  1.000  2.693  3.909  4.655  5.000  4.990  4.665  4.054
 4016.1   50  1.3559  0.107E+00  2.560  3.837    0.60  2.9488  0.990  3.837  0.607  0.897  1.000  2.690  3.933  4.732  5.176  5.306  5.151  4.745
 3418.8   50  1.3709  0.124E+00  2.560  3.837    0.60  2.7051  0.990  3.837  0.541  0.903  1.000  2.710  4.032  4.978  5.638  6.045  6.220  6.182
 3444.7   50  1.3700  0.120E+00  2.560  3.837    0.60  2.7281  0.990  3.837  0.547  0.902  1.000  2.707  4.020  4.954  5.600  5.993  6.155  6.104
 2777.0   50  1.1943  0.474E-01  2.560  3.837    0.60  2.8025  0.990  3.837  0.699  0.946  1.000  2.837  4.366  5.555  6.411  6.973  7.259  7.298
 2320.2   50  1.3325  0.980E-03  2.560  3.837    0.60  1.8705  0.990  3.837  0.976  0.663  1.000  1.989  2.615  2.317  2.206  1.924  1.835  1.880
 2044.2   50  1.3546  0.233E-02  2.560  3.837    0.60  1.8224  0.990  3.837  0.937  0.690  1.000  2.069  2.915  2.769  3.109  3.189  3.448  3.630
 1778.4   50  1.3679  0.541E-02  2.560  3.837    0.60  2.6638  0.990  3.837  0.882  0.802  1.000  2.407  3.712  4.425  5.518  6.264  7.048  7.674
 1455.2   50  1.3775  0.919E-02  2.560  3.837    0.60  2.2827  0.990  3.837  0.779  0.859  1.000  2.578  3.866  4.637  5.480  6.012  6.557  6.908
 1270.3   50  1.3797  0.114E-01  2.560  3.837    0.60  2.0475  0.990  3.837  0.693  0.861  1.000  2.583  3.786  4.500  5.192  5.641  6.128  6.570
  944.3   50  1.3797  0.114E-01  2.560  3.837    0.60  2.1591  0.990  3.837  0.669  0.886  1.000  2.658  4.028  5.031  6.071  7.040  8.025  8.961
  693.5   50  1.3797  0.114E-01  2.560  3.837    0.60  2.0968  0.990  3.837  0.619  0.915  1.000  2.745  4.239  5.464  6.669  7.795  8.922 10.019
  527.1   50  1.3797  0.114E-01  2.560  3.837    0.60  2.1696  0.990  3.837  0.599  0.936  1.000  2.808  4.433  5.878  7.306  8.698 10.078 11.416
  399.8   50  1.3797  0.114E-01  2.560  3.837    0.60  2.1012  0.990  3.837  0.563  0.947  1.000  2.842  4.545  6.124  7.673  9.204 10.719 12.206
  329.1   50  1.3797  0.114E-01  2.560  3.837    0.60  2.1279  0.990  3.837  0.557  0.956  1.000  2.867  4.633  6.309  7.958  9.590 11.209 12.803
  229.8   50  1.3797  0.114E-01  2.560  3.837    0.60  2.0945  0.990  3.837  0.540  0.963  1.000  2.888  4.717  6.491  8.243  9.980 11.702 13.404
 7082.2   50  1.3166  0.180E+00  2.560  3.837    0.60  2.1944  0.990  3.837  0.491  0.844  1.000  2.533  3.276  3.218  2.532  1.526  0.702  0.237
  300.0   70  1.4179  0.173E-01  2.560  4.281    0.60  2.1000  0.990  4.281  0.536  0.960  1.000  2.880  4.714  6.498  8.255  9.991 11.703 13.389
  400.0   70  1.4179  0.173E-01  2.560  4.281    0.60  2.1229  0.990  4.281  0.539  0.957  1.000  2.871  4.675  6.414  8.123  9.805 11.458 13.077
  440.0   70  1.4179  0.173E-01  2.560  4.281    0.60  2.1180  0.990  4.281  0.538  0.955  1.000  2.864  4.650  6.364  8.044  9.695 11.316 12.901
  500.0   70  1.4179  0.173E-01  2.560  4.281    0.60  2.1232  0.990  4.281  0.542  0.951  1.000  2.854  4.612  6.285  7.923  9.531 11.106 12.637
  550.0   70  1.4179  0.173E-01  2.560  4.281    0.60  2.1481  0.990  4.281  0.550  0.949  1.000  2.848  4.585  6.226  7.832  9.404 10.949 12.449
  600.0   70  1.4179  0.173E-01  2.560  4.281    0.60  2.1640  0.990  4.281  0.556  0.947  1.000  2.840  4.555  6.164  7.736  9.267 10.768 12.224
  675.0   70  1.4179  0.173E-01  2.560  4.281    0.60  2.1322  0.990  4.281  0.555  0.939  1.000  2.816  4.480  6.014  7.517  8.975 10.396 11.753
  800.0   70  1.4179  0.173E-01  2.560  4.281    0.60  2.1823  0.990  4.281  0.577  0.932  1.000  2.796  4.405  5.847  7.256  8.610  9.952 11.244
  870.0   70  1.4179  0.173E-01  2.560  4.281    0.60  2.1512  0.990  4.281  0.578  0.926  1.000  2.777  4.346  5.725  7.067  8.332  9.578 10.768
 1000.0   70  1.4179  0.173E-01  2.560  4.281    0.60  2.2631  0.990  4.281  0.612  0.919  1.000  2.757  4.304  5.639  6.972  8.195  9.398 10.502
 1020.0   70  1.4179  0.173E-01  2.560  4.281    0.60  2.2303  0.990  4.281  0.606  0.915  1.000  2.745  4.268  5.574  6.880  8.091  9.266 10.325
55555.6   70  1.8355  0.478E+00  2.560  4.281    0.60  0.4543  0.990  4.281  0.088  0.053  1.000  0.158  0.504  0.025  0.001  0.000  0.000  0.000
23529.4   70  1.8130  0.494E+00  2.560  4.281    0.60  2.0563  0.990  4.281  0.378  0.338  1.000  1.013  0.645  0.157  0.021  0.001  0.000  0.000
17699.1   70  1.9871  0.642E+00  2.560  4.281    0.60  2.9375  0.990  4.281  0.464  0.502  1.000  1.505  0.926  0.426  0.125  0.016  0.001  0.000
15037.6   70  1.5717  0.318E+00  2.560  4.281    0.60  2.2391  0.990  4.281  0.446  0.631  1.000  1.893  1.380  0.649  0.217  0.040  0.005  0.000
13157.9   70  1.6893  0.278E+00  2.560  4.281    0.60  2.8256  0.990  4.281  0.538  0.672  1.000  2.016  1.818  1.086  0.451  0.103  0.016  0.002
11111.1   70  1.7564  0.559E+00  2.560  4.281    0.60  2.8861  0.990  4.281  0.465  0.721  1.000  2.164  2.454  1.867  1.085  0.451  0.128  0.022
 9708.7   70  1.8590  0.755E+00  2.560  4.281    0.60  2.8438  0.990  4.281  0.466  0.735  1.000  2.206  2.709  2.489  1.712  1.023  0.444  0.113
 8849.6   70  1.6034  0.777E+00  2.560  4.281    0.60  2.7136  0.990  4.281  0.459  0.763  1.000  2.288  2.922  2.874  2.192  1.378  0.699  0.239
 7782.1   70  1.1347  0.407E+00  2.560  4.281    0.60  2.0150  0.990  4.281  0.376  0.834  1.000  2.503  3.302  3.329  2.714  1.756  0.912  0.367
 6968.6   70  1.2809  0.172E+00  2.560  4.281    0.60  2.1784  0.990  4.281  0.487  0.868  1.000  2.605  3.532  3.717  3.304  2.424  1.396  0.619
 6097.6   70  1.4549  0.217E+00  2.560  4.281    0.60  2.8167  0.990  4.281  0.526  0.868  1.000  2.603  3.657  4.161  4.194  3.818  3.050  2.047
 5154.6   70  1.3515  0.151E+00  2.560  4.281    0.60  2.7750  0.990  4.281  0.560  0.897  1.000  2.690  3.892  4.595  4.850  4.727  4.243  3.475
 4618.9   70  1.4025  0.150E+00  2.560  4.281    0.60  2.8034  0.990  4.281  0.546  0.892  1.000  2.676  3.913  4.719  5.174  5.316  5.161  4.748
 4319.7   70  1.4035  0.143E+00  2.560  4.281    0.60  2.7591  0.990  4.281  0.539  0.894  1.000  2.683  3.942  4.800  5.338  5.594  5.581  5.320
 4016.1   70  1.4100  0.161E+00  2.560  4.281    0.60  2.6244  0.990  4.281  0.507  0.900  1.000  2.700  4.022  4.973  5.620  5.993  6.109  5.985
 3418.8   70  1.3584  0.195E+00  2.560  4.281    0.60  2.4699  0.990  4.281  0.486  0.923  1.000  2.769  4.240  5.386  6.242  6.828  7.157  7.242
 3444.7   70  1.3646  0.194E+00  2.560  4.281    0.60  2.4742  0.990  4.281  0.485  0.922  1.000  2.765  4.229  5.367  6.215  6.793  7.112  7.189
 2777.0   70  1.2728  0.350E-01  2.560  4.281    0.60  2.8928  0.990  4.281  0.714  0.900  1.000  2.701  4.008  4.929  5.593  6.066  6.414  6.654
 2320.2   70  1.3750  0.847E-02  2.560  4.281    0.60  2.0509  0.990  4.281  0.819  0.744  1.000  2.232  3.223  3.424  4.028  4.389  4.877  5.176
 2044.2   70  1.3969  0.106E-01  2.560  4.281    0.60  2.6683  0.990  4.281  0.816  0.855  1.000  2.566  3.926  4.823  5.914  6.734  7.526  8.078
 1778.4   70  1.4077  0.133E-01  2.560  4.281    0.60  2.4080  0.990  4.281  0.735  0.858  1.000  2.573  3.880  4.769  5.728  6.331  6.911  7.352
 1455.2   70  1.4162  0.160E-01  2.560  4.281    0.60  2.2285  0.990  4.281  0.662  0.881  1.000  2.644  3.945  4.887  5.807  6.579  7.398  8.208
 1270.3   70  1.4179  0.173E-01  2.560  4.281    0.60  2.4027  0.990  4.281  0.661  0.905  1.000  2.715  4.173  5.355  6.546  7.659  8.820  9.900
  944.3   70  1.4179  0.173E-01  2.560  4.281    0.60  2.2932  0.990  4.281  0.611  0.927  1.000  2.781  4.362  5.756  7.126  8.407  9.656 10.842
  693.5   70  1.4179  0.173E-01  2.560  4.281    0.60  2.1348  0.990  4.281  0.558  0.937  1.000  2.812  4.466  5.983  7.472  8.917 10.328 11.674
  527.1   70  1.4179  0.173E-01  2.560  4.281    0.60  2.1652  0.990  4.281  0.552  0.951  1.000  2.854  4.607  6.270  7.899  9.498 11.068 12.594
  399.8   70  1.4179  0.173E-01  2.560  4.281    0.60  2.1226  0.990  4.281  0.539  0.957  1.000  2.871  4.675  6.414  8.123  9.805 11.458 13.077
  329.1   70  1.4179  0.173E-01  2.560  4.281    0.60  2.1082  0.990  4.281  0.537  0.959  1.000  2.878  4.705  6.478  8.224  9.946 11.642 13.311
  229.8   70  1.4179  0.173E-01  2.560  4.281    0.60  2.0828  0.990  4.281  0.536  0.961  1.000  2.884  4.729  6.532  8.314 10.078 11.823 13.550
 7082.2   70  1.2553  0.183E+00  2.560  4.281    0.60  2.0445  0.990  4.281  0.454  0.868  1.000  2.603  3.515  3.663  3.202  2.275  1.265  0.543
  300.0   80  1.4200  0.137E-01  2.560  4.602    0.60  2.0972  0.990  4.602  0.540  0.959  1.000  2.877  4.701  6.475  8.225  9.957 11.669 13.358
  400.0   80  1.4200  0.137E-01  2.560  4.602    0.60  2.1244  0.990  4.602  0.548  0.955  1.000  2.864  4.649  6.362  8.050  9.716 11.361 12.975
  440.0   80  1.4200  0.137E-01  2.560  4.602    0.60  2.1378  0.990  4.602  0.553  0.953  1.000  2.858  4.623  6.308  7.967  9.604 11.220 12.802
  500.0   80  1.4200  0.137E-01  2.560  4.602    0.60  2.1564  0.990  4.602  0.562  0.949  1.000  2.847  4.583  6.223  7.837  9.424 10.992 12.523
  550.0   80  1.4200  0.137E-01  2.560  4.602    0.60  2.1352  0.990  4.602  0.563  0.944  1.000  2.833  4.533  6.120  7.682  9.218 10.732 12.206
  600.0   80  1.4200  0.137E-01  2.560  4.602    0.60  2.1365  0.990  4.602  0.568  0.940  1.000  2.821  4.491  6.033  7.549  9.034 10.504 11.936
  675.0   80  1.4200  0.137E-01  2.560  4.602    0.60  2.2110  0.990  4.602  0.591  0.938  1.000  2.813  4.462  5.966  7.451  8.893 10.319 11.700
  800.0   80  1.4200  0.137E-01  2.560  4.602    0.60  2.2390  0.990  4.602  0.612  0.928  1.000  2.785  4.369  5.772  7.165  8.516  9.862 11.160
  870.0   80  1.4200  0.137E-01  2.560  4.602    0.60  2.1616  0.990  4.602  0.607  0.919  1.000  2.757  4.285  5.590  6.890  8.127  9.381 10.573
 1000.0   80  1.4200  0.137E-01  2.560  4.602    0.60  2.2967  0.990  4.602  0.642  0.915  1.000  2.744  4.265  5.544  6.839  8.019  9.214 10.312
 1020.0   80  1.4200  0.137E-01  2.560  4.602    0.60  2.3168  0.990  4.602  0.649  0.916  1.000  2.747  4.266  5.548  6.840  8.025  9.203 10.316
55555.6   80  1.8123  0.377E+00  2.560  4.602    0.60  0.4143  0.990  4.602  0.113  0.061  1.000  0.183  0.505  0.029  0.001  0.000  0.000  0.000
23529.4   80  1.7926  0.394E+00  2.560  4.602    0.60  2.0628  0.990  4.602  0.417  0.400  1.000  1.200  0.704  0.187  0.028  0.002  0.000  0.000
17699.1   80  1.9542  0.666E+00  2.560  4.602    0.60  2.9362  0.990  4.602  0.458  0.548  1.000  1.644  1.099  0.587  0.204  0.031  0.003  0.000
15037.6   80  1.5722  0.269E+00  2.560  4.602    0.60  2.3261  0.990  4.602  0.490  0.656  1.000  1.969  1.589  0.808  0.299  0.062  0.008  0.001
13157.9   80  1.6818  0.227E+00  2.560  4.602    0.60  3.0061  0.990  4.602  0.577  0.702  1.000  2.106  2.073  1.383  0.616  0.158  0.029  0.004
11111.1   80  1.8154  0.557E+00  2.560  4.602    0.60  2.9114  0.990  4.602  0.468  0.736  1.000  2.207  2.641  2.229  1.431  0.731  0.257  0.052
 9708.7   80  1.8968  0.724E+00  2.560  4.602    0.60  2.8161  0.990  4.602  0.470  0.748  1.000  2.243  2.841  2.796  2.103  1.345  0.685  0.221
 8849.6   80  1.5905  0.805E+00  2.560  4.602    0.60  2.6919  0.990  4.602  0.466  0.772  1.000  2.315  3.048  3.116  2.613  1.765  1.016  0.435
 7782.1   80  1.0819  0.427E+00  2.560  4.602    0.60  2.0168  0.990  4.602  0.387  0.842  1.000  2.526  3.413  3.575  3.131  2.247  1.314  0.618
 6968.6   80  1.2648  0.119E+00  2.560  4.602    0.60  2.1568  0.990  4.602  0.546  0.879  1.000  2.636  3.624  3.920  3.608  2.857  1.825  0.909
 6097.6   80  1.4392  0.178E+00  2.560  4.602    0.60  2.8750  0.990  4.602  0.549  0.873  1.000  2.619  3.715  4.300  4.447  4.220  3.626  2.734
 5154.6   80  1.3947  0.131E+00  2.560  4.602    0.60  2.9053  0.990  4.602  0.578  0.888  1.000  2.664  3.857  4.602  4.986  5.040  4.803  4.292
 4618.9   80  1.4292  0.159E+00  2.560  4.602    0.60  2.6827  0.990  4.602  0.516  0.891  1.000  2.674  3.936  4.812  5.377  5.657  5.680  5.442
 4319.7   80  1.4226  0.148E+00  2.560  4.602    0.60  2.6344  0.990  4.602  0.510  0.893  1.000  2.680  3.972  4.895  5.530  5.907  6.038  5.944
 4016.1   80  1.4213  0.176E+00  2.560  4.602    0.60  2.5195  0.990  4.602  0.485  0.905  1.000  2.715  4.091  5.128  5.878  6.357  6.586  6.568
 3418.8   80  1.3373  0.207E+00  2.560  4.602    0.60  2.4198  0.990  4.602  0.482  0.930  1.000  2.789  4.309  5.525  6.465  7.141  7.569  7.756
 3444.7   80  1.3447  0.208E+00  2.560  4.602    0.60  2.4229  0.990  4.602  0.481  0.928  1.000  2.785  4.299  5.509  6.441  7.110  7.529  7.706
 2777.0   80  1.2968  0.202E-01  2.560  4.602    0.60  2.4575  0.990  4.602  0.744  0.836  1.000  2.507  3.552  4.081  4.427  4.670  4.861  5.085
 2320.2   80  1.3763  0.346E-02  2.560  4.602    0.60  2.3216  0.990  4.602  0.923  0.783  1.000  2.348  3.522  3.970  4.803  5.337  5.963  6.353
 2044.2   80  1.3966  0.455E-02  2.560  4.602    0.60  2.8307  0.990  4.602  0.894  0.821  1.000  2.464  3.807  4.564  5.698  6.358  7.072  7.567
 1778.4   80  1.4098  0.796E-02  2.560  4.602    0.60  2.0663  0.990  4.602  0.781  0.829  1.000  2.487  3.596  4.069  4.630  4.814  5.132  5.269
 1455.2   80  1.4183  0.120E-01  2.560  4.602    0.60  2.4298  0.990  4.602  0.729  0.883  1.000  2.650  4.001  4.985  6.046  6.985  7.999  8.953
 1270.3   80  1.4200  0.137E-01  2.560  4.602    0.60  2.2102  0.990  4.602  0.662  0.883  1.000  2.650  4.011  5.038  6.117  7.094  8.110  9.040
  944.3   80  1.4200  0.137E-01  2.560  4.602    0.60  2.1544  0.990  4.602  0.613  0.912  1.000  2.737  4.228  5.475  6.716  7.869  9.028 10.125
  693.5   80  1.4200  0.137E-01  2.560  4.602    0.60  2.1852  0.990  4.602  0.589  0.935  1.000  2.805  4.438  5.916  7.376  8.791 10.188 11.536
  527.1   80  1.4200  0.137E-01  2.560  4.602    0.60  2.1140  0.990  4.602  0.556  0.945  1.000  2.835  4.545  6.147  7.723  9.271 10.796 12.281
  399.8   80  1.4200  0.137E-01  2.560  4.602    0.60  2.1246  0.990  4.602  0.548  0.955  1.000  2.864  4.649  6.363  8.051  9.717 11.362 12.977
  329.1   80  1.4200  0.137E-01  2.560  4.602    0.60  2.1066  0.990  4.602  0.542  0.958  1.000  2.874  4.689  6.447  8.182  9.897 11.591 13.261
  229.8   80  1.4200  0.137E-01  2.560  4.602    0.60  2.0802  0.990  4.602  0.538  0.961  1.000  2.882  4.725  6.526  8.307 10.073 11.822 13.554
 7082.2   80  1.2291  0.131E+00  2.560  4.602    0.60  1.9202  0.990  4.602  0.486  0.880  1.000  2.639  3.624  3.879  3.523  2.703  1.656  0.793
  300.0   90  1.4200  0.137E-01  2.560  5.267    0.60  2.0888  0.990  5.267  0.538  0.960  1.000  2.880  4.716  6.506  8.275 10.026 11.760 13.473
  400.0   90  1.4200  0.137E-01  2.560  5.267    0.60  2.1011  0.990  5.267  0.541  0.957  1.000  2.870  4.675  6.419  8.139  9.838 11.516 13.167
  440.0   90  1.4200  0.137E-01  2.560  5.267    0.60  2.1072  0.990  5.267  0.544  0.955  1.000  2.865  4.654  6.375  8.070  9.744 11.396 13.020
  500.0   90  1.4200  0.137E-01  2.560  5.267    0.60  2.1341  0.990  5.267  0.552  0.953  1.000  2.858  4.624  6.311  7.971  9.611 11.228 12.813
  550.0   90  1.4200  0.137E-01  2.560  5.267    0.60  2.1238  0.990  5.267  0.554  0.949  1.000  2.847  4.587  6.234  7.853  9.448 11.022 12.562
  600.0   90  1.4200  0.137E-01  2.560  5.267    0.60  2.1172  0.990  5.267  0.556  0.945  1.000  2.836  4.548  6.154  7.734  9.287 10.817 12.308
  675.0   90  1.4200  0.137E-01  2.560  5.267    0.60  2.1600  0.990  5.267  0.572  0.942  1.000  2.826  4.509  6.067  7.603  9.107 10.598 12.048
  800.0   90  1.4200  0.137E-01  2.560  5.267    0.60  2.1793  0.990  5.267  0.588  0.933  1.000  2.800  4.425  5.894  7.351  8.756 10.147 11.481
  870.0   90  1.4200  0.137E-01  2.560  5.267    0.60  2.1445  0.990  5.267  0.589  0.925  1.000  2.776  4.354  5.749  7.141  8.482  9.814 11.078
 1000.0   90  1.4200  0.137E-01  2.560  5.267    0.60  2.1543  0.990  5.267  0.606  0.918  1.000  2.754  4.275  5.575  6.867  8.097  9.341 10.527
 1020.0   90  1.4200  0.137E-01  2.560  5.267    0.60  2.1205  0.990  5.267  0.602  0.915  1.000  2.744  4.248  5.513  6.774  7.960  9.166 10.310
55555.6   90  1.8123  0.377E+00  2.560  5.267    0.60  0.5214  0.990  5.267  0.154  0.080  1.000  0.241  0.509  0.037  0.001  0.000  0.000  0.000
23529.4   90  1.7926  0.394E+00  2.560  5.267    0.60  2.4397  0.990  5.267  0.451  0.499  1.000  1.498  0.851  0.282  0.060  0.007  0.000  0.000
17699.1   90  1.9542  0.666E+00  2.560  5.267    0.60  3.0369  0.990  5.267  0.461  0.627  1.000  1.882  1.551  0.969  0.432  0.090  0.012  0.001
15037.6   90  1.5722  0.269E+00  2.560  5.267    0.60  2.5856  0.990  5.267  0.508  0.709  1.000  2.126  2.099  1.329  0.591  0.161  0.030  0.004
13157.9   90  1.6818  0.227E+00  2.560  5.267    0.60  3.1975  0.990  5.267  0.584  0.745  1.000  2.235  2.469  1.957  1.054  0.382  0.105  0.018
11111.1   90  1.8154  0.557E+00  2.560  5.267    0.60  2.8537  0.990  5.267  0.468  0.766  1.000  2.299  2.913  2.873  2.172  1.373  0.660  0.198
 9708.7   90  1.8968  0.724E+00  2.560  5.267    0.60  2.7468  0.990  5.267  0.475  0.770  1.000  2.309  3.093  3.233  2.885  2.067  1.299  0.648
 8849.6   90  1.5905  0.805E+00  2.560  5.267    0.60  2.6577  0.990  5.267  0.475  0.792  1.000  2.377  3.261  3.546  3.339  2.670  1.793  1.035
 7782.1   90  1.0819  0.427E+00  2.560  5.267    0.60  2.0712  0.990  5.267  0.408  0.862  1.000  2.586  3.631  4.043  3.890  3.277  2.339  1.390
 6968.6   90  1.2648  0.119E+00  2.560  5.267    0.60  2.3566  0.990  5.267  0.559  0.898  1.000  2.695  3.836  4.376  4.377  3.908  3.101  2.067
 6097.6   90  1.4392  0.178E+00  2.560  5.267    0.60  2.7808  0.990  5.267  0.529  0.884  1.000  2.651  3.843  4.593  4.975  5.020  4.754  4.211
 5154.6   90  1.3947  0.131E+00  2.560  5.267    0.60  2.7641  0.990  5.267  0.547  0.895  1.000  2.684  3.944  4.815  5.376  5.665  5.705  5.502
 4618.9   90  1.4292  0.159E+00  2.560  5.267    0.60  2.5299  0.990  5.267  0.488  0.899  1.000  2.697  4.040  5.045  5.776  6.248  6.481  6.478
 4319.7   90  1.4226  0.148E+00  2.560  5.267    0.60  2.4846  0.990  5.267  0.482  0.902  1.000  2.706  4.081  5.133  5.930  6.489  6.816  6.920
 4016.1   90  1.4213  0.176E+00  2.560  5.267    0.60  2.4275  0.990  5.267  0.473  0.915  1.000  2.745  4.210  5.381  6.293  6.954  7.374  7.552
 3418.8   90  1.3373  0.207E+00  2.560  5.267    0.60  2.3661  0.990  5.267  0.479  0.936  1.000  2.807  4.387  5.704  6.776  7.616  8.228  8.619
 3444.7   90  1.3447  0.208E+00  2.560  5.267    0.60  2.3689  0.990  5.267  0.478  0.935  1.000  2.804  4.380  5.691  6.758  7.590  8.194  8.575
 2777.0   90  1.2968  0.202E-01  2.560  5.267    0.60  2.0916  0.990  5.267  0.669  0.806  1.000  2.419  3.363  3.725  3.948  4.127  4.354  4.538
 2320.2   90  1.3763  0.346E-02  2.560  5.267    0.60  2.7997  0.990  5.267  0.921  0.820  1.000  2.460  3.815  4.569  5.706  6.437  7.214  7.766
 2044.2   90  1.3966  0.455E-02  2.560  5.267    0.60  2.1895  0.990  5.267  0.866  0.811  1.000  2.432  3.574  4.024  4.691  4.908  5.287  5.496
 1778.4   90  1.4098  0.796E-02  2.560  5.267    0.60  2.1786  0.990  5.267  0.775  0.844  1.000  2.531  3.693  4.324  5.032  5.494  6.122  6.740
 1455.2   90  1.4183  0.120E-01  2.560  5.267    0.60  2.2281  0.990  5.267  0.687  0.876  1.000  2.629  3.966  4.937  5.979  6.905  7.890  8.804
 1270.3   90  1.4200  0.137E-01  2.560  5.267    0.60  2.2081  0.990  5.267  0.645  0.899  1.000  2.698  4.141  5.301  6.496  7.562  8.629  9.604
  944.3   90  1.4200  0.137E-01  2.560  5.267    0.60  2.2557  0.990  5.267  0.617  0.928  1.000  2.783  4.360  5.748  7.124  8.459  9.792 11.079
  693.5   90  1.4200  0.137E-01  2.560  5.267    0.60  2.1264  0.990  5.267  0.567  0.939  1.000  2.818  4.483  6.014  7.520  8.992 10.454 11.871
  527.1   90  1.4200  0.137E-01  2.560  5.267    0.60  2.1132  0.990  5.267  0.550  0.950  1.000  2.851  4.599  6.261  7.894  9.505 11.094 12.651
  399.8   90  1.4200  0.137E-01  2.560  5.267    0.60  2.1008  0.990  5.267  0.541  0.957  1.000  2.870  4.675  6.420  8.139  9.839 11.516 13.167
  329.1   90  1.4200  0.137E-01  2.560  5.267    0.60  2.0898  0.990  5.267  0.538  0.959  1.000  2.878  4.705  6.484  8.240  9.977 11.695 13.391
  229.8   90  1.4200  0.137E-01  2.560  5.267    0.60  2.0710  0.990  5.267  0.537  0.961  1.000  2.883  4.730  6.538  8.329 10.105 11.867 13.614
 7082.2   90  1.2291  0.131E+00  2.560  5.267    0.60  2.1029  0.990  5.267  0.506  0.900  1.000  2.701  3.842  4.364  4.308  3.783  2.907  1.847
  300.0   95  1.4200  0.137E-01  2.560  5.635    0.60  2.0843  0.990  5.635  0.538  0.960  1.000  2.881  4.721  6.517  8.293 10.052 11.794 13.518
  400.0   95  1.4200  0.137E-01  2.560  5.635    0.60  2.1052  0.990  5.635  0.541  0.958  1.000  2.874  4.690  6.450  8.185  9.902 11.597 13.268
  440.0   95  1.4200  0.137E-01  2.560  5.635    0.60  2.1152  0.990  5.635  0.544  0.957  1.000  2.870  4.673  6.414  8.129  9.825 11.500 13.147
  500.0   95  1.4200  0.137E-01  2.560  5.635    0.60  2.1124  0.990  5.635  0.546  0.954  1.000  2.861  4.639  6.343  8.021  9.677 11.311 12.914
  550.0   95  1.4200  0.137E-01  2.560  5.635    0.60  2.1335  0.990  5.635  0.553  0.952  1.000  2.855  4.615  6.291  7.940  9.568 11.175 12.748
  600.0   95  1.4200  0.137E-01  2.560  5.635    0.60  2.1442  0.990  5.635  0.559  0.949  1.000  2.848  4.588  6.232  7.851  9.443 11.016 12.553
  675.0   95  1.4200  0.137E-01  2.560  5.635    0.60  2.1397  0.990  5.635  0.564  0.944  1.000  2.833  4.533  6.120  7.683  9.218 10.733 12.206
  800.0   95  1.4200  0.137E-01  2.560  5.635    0.60  2.1793  0.990  5.635  0.583  0.938  1.000  2.815  4.468  5.979  7.467  8.913 10.349 11.740
  870.0   95  1.4200  0.137E-01  2.560  5.635    0.60  2.1512  0.990  5.635  0.584  0.931  1.000  2.793  4.403  5.851  7.283  8.667 10.032 11.341
 1000.0   95  1.4200  0.137E-01  2.560  5.635    0.60  2.2521  0.990  5.635  0.617  0.927  1.000  2.782  4.362  5.755  7.143  8.482  9.826 11.116
 1020.0   95  1.4200  0.137E-01  2.560  5.635    0.60  2.2400  0.990  5.635  0.616  0.925  1.000  2.776  4.346  5.719  7.090  8.409  9.738 11.009
55555.6   95  1.8123  0.377E+00  2.560  5.635    0.60  0.5891  0.990  5.635  0.178  0.092  1.000  0.277  0.512  0.042  0.002  0.000  0.000  0.000
23529.4   95  1.7926  0.394E+00  2.560  5.635    0.60  2.5805  0.990  5.635  0.468  0.536  1.000  1.607  0.948  0.356  0.089  0.011  0.001  0.000
17699.1   95  1.9542  0.666E+00  2.560  5.635    0.60  3.0544  0.990  5.635  0.465  0.653  1.000  1.958  1.801  1.172  0.578  0.145  0.024  0.003
15037.6   95  1.5722  0.269E+00  2.560  5.635    0.60  2.7078  0.990  5.635  0.515  0.737  1.000  2.210  2.339  1.644  0.799  0.251  0.056  0.008
13157.9   95  1.6818  0.227E+00  2.560  5.635    0.60  3.1995  0.990  5.635  0.581  0.753  1.000  2.258  2.631  2.242  1.366  0.617  0.206  0.041
11111.1   95  1.8154  0.557E+00  2.560  5.635    0.60  2.8021  0.990  5.635  0.468  0.776  1.000  2.327  3.036  3.108  2.571  1.732  0.956  0.363
 9708.7   95  1.8968  0.724E+00  2.560  5.635    0.60  2.7207  0.990  5.635  0.479  0.781  1.000  2.342  3.194  3.445  3.224  2.523  1.680  0.968
 8849.6   95  1.5905  0.805E+00  2.560  5.635    0.60  2.6366  0.990  5.635  0.480  0.800  1.000  2.401  3.348  3.743  3.636  3.134  2.274  1.437
 7782.1   95  1.0819  0.427E+00  2.560  5.635    0.60  2.0940  0.990  5.635  0.418  0.871  1.000  2.612  3.724  4.247  4.233  3.766  2.937  1.942
 6968.6   95  1.2648  0.119E+00  2.560  5.635    0.60  2.4398  0.990  5.635  0.565  0.904  1.000  2.713  3.918  4.562  4.705  4.393  3.724  2.790
 6097.6   95  1.4392  0.178E+00  2.560  5.635    0.60  2.7186  0.990  5.635  0.515  0.888  1.000  2.665  3.907  4.731  5.211  5.383  5.253  4.867
 5154.6   95  1.3947  0.131E+00  2.560  5.635    0.60  2.6817  0.990  5.635  0.529  0.897  1.000  2.692  3.992  4.917  5.558  5.947  6.102  6.042
 4618.9   95  1.4292  0.159E+00  2.560  5.635    0.60  2.4728  0.990  5.635  0.478  0.905  1.000  2.714  4.107  5.182  5.995  6.562  6.886  6.981
 4319.7   95  1.4226  0.148E+00  2.560  5.635    0.60  2.4283  0.990  5.635  0.474  0.907  1.000  2.722  4.141  5.266  6.149  6.793  7.213  7.403
 4016.1   95  1.4213  0.176E+00  2.560  5.635    0.60  2.3992  0.990  5.635  0.472  0.920  1.000  2.761  4.271  5.506  6.497  7.246  7.754  8.031
 3418.8   95  1.3373  0.207E+00  2.560  5.635    0.60  2.3457  0.990  5.635  0.479  0.939  1.000  2.816  4.423  5.786  6.920  7.833  8.531  9.018
 3444.7   95  1.3447  0.208E+00  2.560  5.635    0.60  2.3486  0.990  5.635  0.479  0.938  1.000  2.813  4.416  5.774  6.903  7.810  8.500  8.977
 2777.0   95  1.2968  0.202E-01  2.560  5.635    0.60  2.0175  0.990  5.635  0.642  0.804  1.000  2.411  3.375  3.767  4.058  4.320  4.644  4.937
 2320.2   95  1.3763  0.346E-02  2.560  5.635    0.60  2.7222  0.990  5.635  0.916  0.832  1.000  2.497  3.863  4.639  5.630  6.256  6.878  7.418
 2044.2   95  1.3966  0.455E-02  2.560  5.635    0.60  2.0498  0.990  5.635  0.834  0.798  1.000  2.393  3.470  3.761  4.300  4.397  4.673  4.744
 1778.4   95  1.4098  0.796E-02  2.560  5.635    0.60  2.4233  0.990  5.635  0.787  0.867  1.000  2.600  3.891  4.721  5.675  6.465  7.362  8.194
 1455.2   95  1.4183  0.120E-01  2.560  5.635    0.60  2.1000  0.990  5.635  0.657  0.872  1.000  2.616  3.934  4.877  5.911  6.788  7.709  8.511
 1270.3   95  1.4200  0.137E-01  2.560  5.635    0.60  2.3218  0.990  5.635  0.652  0.913  1.000  2.739  4.255  5.524  6.816  7.982  9.170 10.259
  944.3   95  1.4200  0.137E-01  2.560  5.635    0.60  2.1761  0.990  5.635  0.596  0.927  1.000  2.781  4.364  5.762  7.152  8.498  9.833 11.106
  693.5   95  1.4200  0.137E-01  2.560  5.635    0.60  2.1715  0.990  5.635  0.572  0.945  1.000  2.834  4.533  6.117  7.678  9.211 10.729 12.203
  527.1   95  1.4200  0.137E-01  2.560  5.635    0.60  2.1221  0.990  5.635  0.549  0.953  1.000  2.858  4.625  6.314  7.976  9.617 11.235 12.821
  399.8   95  1.4200  0.137E-01  2.560  5.635    0.60  2.1050  0.990  5.635  0.541  0.958  1.000  2.874  4.690  6.450  8.185  9.902 11.598 13.268
  329.1   95  1.4200  0.137E-01  2.560  5.635    0.60  2.0851  0.990  5.635  0.537  0.960  1.000  2.879  4.712  6.499  8.263 10.011 11.739 13.447
  229.8   95  1.4200  0.137E-01  2.560  5.635    0.60  2.0691  0.990  5.635  0.538  0.961  1.000  2.884  4.733  6.544  8.338 10.119 11.887 13.641
 7082.2   95  1.2291  0.131E+00  2.560  5.635    0.60  2.1857  0.990  5.635  0.514  0.908  1.000  2.723  3.933  4.563  4.664  4.284  3.550  2.551
  300.0   99  1.4200  0.137E-01  2.560  5.635    0.60  2.0843  0.990  5.635  0.538  0.960  1.000  2.881  4.721  6.517  8.293 10.052 11.794 13.518
  400.0   99  1.4200  0.137E-01  2.560  5.635    0.60  2.1052  0.990  5.635  0.541  0.958  1.000  2.874  4.690  6.450  8.185  9.902 11.597 13.268
  440.0   99  1.4200  0.137E-01  2.560  5.635    0.60  2.1152  0.990  5.635  0.544  0.957  1.000  2.870  4.673  6.414  8.129  9.825 11.500 13.147
  500.0   99  1.4200  0.137E-01  2.560  5.635    0.60  2.1124  0.990  5.635  0.546  0.954  1.000  2.861  4.639  6.343  8.021  9.677 11.311 12.914
  550.0   99  1.4200  0.137E-01  2.560  5.635    0.60  2.1335  0.990  5.635  0.553  0.952  1.000  2.855  4.615  6.291  7.940  9.568 11.175 12.748
  600.0   99  1.4200  0.137E-01  2.560  5.635    0.60  2.1442  0.990  5.635  0.559  0.949  1.000  2.848  4.588  6.232  7.851  9.443 11.016 12.553
  675.0   99  1.4200  0.137E-01  2.560  5.635    0.60  2.1397  0.990  5.635  0.564  0.944  1.000  2.833  4.533  6.120  7.683  9.218 10.733 12.206
  800.0   99  1.4200  0.137E-01  2.560  5.635    0.60  2.1793  0.990  5.635  0.583  0.938  1.000  2.815  4.468  5.979  7.467  8.913 10.349 11.740
  870.0   99  1.4200  0.137E-01  2.560  5.635    0.60  2.1512  0.990  5.635  0.584  0.931  1.000  2.793  4.403  5.851  7.283  8.667 10.032 11.341
 1000.0   99  1.4200  0.137E-01  2.560  5.635    0.60  2.2521  0.990  5.635  0.617  0.927  1.000  2.782  4.362  5.755  7.143  8.482  9.826 11.116
 1020.0   99  1.4200  0.137E-01  2.560  5.635    0.60  2.2400  0.990  5.635  0.616  0.925  1.000  2.776  4.346  5.719  7.090  8.409  9.738 11.009
55555.6   99  1.8123  0.377E+00  2.560  5.635    0.60  0.5891  0.990  5.635  0.178  0.092  1.000  0.277  0.512  0.042  0.002  0.000  0.000  0.000
23529.4   99  1.7926  0.394E+00  2.560  5.635    0.60  2.5805  0.990  5.635  0.468  0.536  1.000  1.607  0.948  0.356  0.089  0.011  0.001  0.000
17699.1   99  1.9542  0.666E+00  2.560  5.635    0.60  3.0544  0.990  5.635  0.465  0.653  1.000  1.958  1.801  1.172  0.578  0.145  0.024  0.003
15037.6   99  1.5722  0.269E+00  2.560  5.635    0.60  2.7078  0.990  5.635  0.515  0.737  1.000  2.210  2.339  1.644  0.799  0.251  0.056  0.008
13157.9   99  1.6818  0.227E+00  2.560  5.635    0.60  3.1995  0.990  5.635  0.581  0.753  1.000  2.258  2.631  2.242  1.366  0.617  0.206  0.041
11111.1   99  1.8154  0.557E+00  2.560  5.635    0.60  2.8021  0.990  5.635  0.468  0.776  1.000  2.327  3.036  3.108  2.571  1.732  0.956  0.363
 9708.7   99  1.8968  0.724E+00  2.560  5.635    0.60  2.7207  0.990  5.635  0.479  0.781  1.000  2.342  3.194  3.445  3.224  2.523  1.680  0.968
 8849.6   99  1.5905  0.805E+00  2.560  5.635    0.60  2.6366  0.990  5.635  0.480  0.800  1.000  2.401  3.348  3.743  3.636  3.134  2.274  1.437
 7782.1   99  1.0819  0.427E+00  2.560  5.635    0.60  2.0940  0.990  5.635  0.418  0.871  1.000  2.612  3.724  4.247  4.233  3.766  2.937  1.942
 6968.6   99  1.2648  0.119E+00  2.560  5.635    0.60  2.4398  0.990  5.635  0.565  0.904  1.000  2.713  3.918  4.562  4.705  4.393  3.724  2.790
 6097.6   99  1.4392  0.178E+00  2.560  5.635    0.60  2.7186  0.990  5.635  0.515  0.888  1.000  2.665  3.907  4.731  5.211  5.383  5.253  4.867
 5154.6   99  1.3947  0.131E+00  2.560  5.635    0.60  2.6817  0.990  5.635  0.529  0.897  1.000  2.692  3.992  4.917  5.558  5.947  6.102  6.042
 4618.9   99  1.4292  0.159E+00  2.560  5.635    0.60  2.4728  0.990  5.635  0.478  0.905  1.000  2.714  4.107  5.182  5.995  6.562  6.886  6.981
 4319.7   99  1.4226  0.148E+00  2.560  5.635    0.60  2.4283  0.990  5.635  0.474  0.907  1.000  2.722  4.141  5.266  6.149  6.793  7.213  7.403
 4016.1   99  1.4213  0.176E+00  2.560  5.635    0.60  2.3992  0.990  5.635  0.472  0.920  1.000  2.761  4.271  5.506  6.497  7.246  7.754  8.031
 3418.8   99  1.3373  0.207E+00  2.560  5.635    0.60  2.3457  0.990  5.635  0.479  0.939  1.000  2.816  4.423  5.786  6.920  7.833  8.531  9.018
 3444.7   99  1.3447  0.208E+00  2.560  5.635    0.60  2.3486  0.990  5.635  0.479  0.938  1.000  2.813  4.416  5.774  6.903  7.810  8.500  8.977
 2777.0   99  1.2968  0.202E-01  2.560  5.635    0.60  2.0175  0.990  5.635  0.642  0.804  1.000  2.411  3.375  3.767  4.058  4.320  4.644  4.937
 2320.2   99  1.3763  0.346E-02  2.560  5.635    0.60  2.7222  0.990  5.635  0.916  0.832  1.000  2.497  3.863  4.639  5.630  6.256  6.878  7.418
 2044.2   99  1.3966  0.455E-02  2.560  5.635    0.60  2.0498  0.990  5.635  0.834  0.798  1.000  2.393  3.470  3.761  4.300  4.397  4.673  4.744
 1778.4   99  1.4098  0.796E-02  2.560  5.635    0.60  2.4233  0.990  5.635  0.787  0.867  1.000  2.600  3.891  4.721  5.675  6.465  7.362  8.194
 1455.2   99  1.4183  0.120E-01  2.560  5.635    0.60  2.1000  0.990  5.635  0.657  0.872  1.000  2.616  3.934  4.877  5.911  6.788  7.709  8.511
 1270.3   99  1.4200  0.137E-01  2.560  5.635    0.60  2.3218  0.990  5.635  0.652  0.913  1.000  2.739  4.255  5.524  6.816  7.982  9.170 10.259
  944.3   99  1.4200  0.137E-01  2.560  5.635    0.60  2.1761  0.990  5.635  0.596  0.927  1.000  2.781  4.364  5.762  7.152  8.498  9.833 11.106
  693.5   99  1.4200  0.137E-01  2.560  5.635    0.60  2.1715  0.990  5.635  0.572  0.945  1.000  2.834  4.533  6.117  7.678  9.211 10.729 12.203
  527.1   99  1.4200  0.137E-01  2.560  5.635    0.60  2.1221  0.990  5.635  0.549  0.953  1.000  2.858  4.625  6.314  7.976  9.617 11.235 12.821
  399.8   99  1.4200  0.137E-01  2.560  5.635    0.60  2.1050  0.990  5.635  0.541  0.958  1.000  2.874  4.690  6.450  8.185  9.902 11.598 13.268
  329.1   99  1.4200  0.137E-01  2.560  5.635    0.60  2.0851  0.990  5.635  0.537  0.960  1.000  2.879  4.712  6.499  8.263 10.011 11.739 13.447
  229.8   99  1.4200  0.137E-01  2.560  5.635    0.60  2.0691  0.990  5.635  0.538  0.961  1.000  2.884  4.733  6.544  8.338 10.119 11.887 13.641
 7082.2   99  1.2291  0.131E+00  2.560  5.635    0.60  2.1857  0.990  5.635  0.514  0.908  1.000  2.723  3.933  4.563  4.664  4.284  3.550  2.551
