 h2so4 RRTMG LUT interpolated from GADS (DAR 09/2013)
 V0.1 - contains Fast-J wavelengths but is the same as the original jv_spec.dat values
  w(nm)   RH       N         iK  RgDry  RgWet      Sg       Q  Alpha  r-eff ss-alb  g-sym  pi(0)  pi(1)  pi(2)  pi(3)  pi(4)  pi(5)  pi(6)  pi(7)
  300.0    0  1.3326  0.000E+00  0.020  0.020    0.60  0.0034  0.990  0.020  1.000  0.032  1.000  0.096  0.502  0.020  0.000  0.000  0.000  0.000
  400.0    0  1.3326  0.000E+00  0.020  0.020    0.60  0.0011  0.990  0.020  1.000  0.018  1.000  0.054  0.501  0.011  0.000  0.000  0.000  0.000
  440.0    0  1.3326  0.000E+00  0.020  0.020    0.60  0.0007  0.990  0.020  1.000  0.015  1.000  0.045  0.500  0.009  0.000  0.000  0.000  0.000
  500.0    0  1.3326  0.000E+00  0.020  0.020    0.60  0.0004  0.990  0.020  1.000  0.012  1.000  0.035  0.500  0.007  0.000  0.000  0.000  0.000
  550.0    0  1.3326  0.000E+00  0.020  0.020    0.60  0.0003  0.990  0.020  1.000  0.010  1.000  0.029  0.500  0.006  0.000  0.000  0.000  0.000
  600.0    0  1.3326  0.000E+00  0.020  0.020    0.60  0.0002  0.990  0.020  1.000  0.008  1.000  0.024  0.500  0.005  0.000  0.000  0.000  0.000
  675.0    0  1.3326  0.000E+00  0.020  0.020    0.60  0.0001  0.990  0.020  1.000  0.006  1.000  0.019  0.500  0.004  0.000  0.000  0.000  0.000
  800.0    0  1.3326  0.000E+00  0.020  0.020    0.60  0.0001  0.990  0.020  1.000  0.005  1.000  0.014  0.500  0.003  0.000  0.000  0.000  0.000
  870.0    0  1.3326  0.000E+00  0.020  0.020    0.60  0.0000  0.990  0.020  1.000  0.004  1.000  0.011  0.500  0.002  0.000  0.000  0.000  0.000
 1000.0    0  1.3326  0.000E+00  0.020  0.020    0.60  0.0000  0.990  0.020  1.000  0.003  1.000  0.009  0.500  0.002  0.000  0.000  0.000  0.000
 1020.0    0  1.3326  0.000E+00  0.020  0.020    0.60  0.0000  0.990  0.020  1.000  0.003  1.000  0.008  0.500  0.002  0.000  0.000  0.000  0.000
55555.6    0  1.1684  0.258E+00  0.020  0.020    0.60  0.0015  0.990  0.020  0.000  0.000  1.000  0.000  0.500  0.000  0.000  0.000 -0.000  0.000
23529.4    0  1.1684  0.258E+00  0.020  0.020    0.60  0.0034  0.990  0.020  0.000  0.000  1.000  0.000  0.500  0.000  0.000 -0.000  0.000  0.000
17699.1    0  1.1684  0.258E+00  0.020  0.020    0.60  0.0046  0.990  0.020  0.000  0.000  1.000  0.000  0.500  0.000  0.000  0.000 -0.000  0.000
15037.6    0  1.1684  0.258E+00  0.020  0.020    0.60  0.0054  0.990  0.020  0.000  0.000  1.000  0.000  0.500  0.000  0.000  0.000 -0.000 -0.000
13157.9    0  1.1684  0.258E+00  0.020  0.020    0.60  0.0062  0.990  0.020  0.000  0.000  1.000  0.000  0.500  0.000  0.000  0.000 -0.000  0.000
11111.1    0  1.1796  0.164E+00  0.020  0.020    0.60  0.0046  0.990  0.020  0.000  0.000  1.000  0.000  0.500  0.000  0.000  0.000 -0.000  0.000
 9708.7    0  1.3159  0.103E+00  0.020  0.020    0.60  0.0030  0.990  0.020  0.000  0.000  1.000  0.000  0.500  0.000  0.000  0.000 -0.000  0.000
 8849.6    0  1.2787  0.149E+00  0.020  0.020    0.60  0.0049  0.990  0.020  0.000  0.000  1.000  0.000  0.500  0.000  0.000  0.000 -0.000  0.000
 7782.1    0  1.2991  0.655E-01  0.020  0.020    0.60  0.0024  0.990  0.020  0.000  0.000  1.000  0.000  0.500  0.000  0.000  0.000 -0.000  0.000
 6968.6    0  1.3311  0.555E-01  0.020  0.020    0.60  0.0022  0.990  0.020  0.000  0.000  1.000  0.000  0.500  0.000  0.000  0.000 -0.000 -0.000
 6097.6    0  1.3533  0.119E+00  0.020  0.020    0.60  0.0054  0.990  0.020  0.000  0.000  1.000  0.000  0.500  0.000  0.000  0.000  0.000  0.000
 5154.6    0  1.3366  0.293E-01  0.020  0.020    0.60  0.0016  0.990  0.020  0.000  0.000  1.000  0.000  0.500  0.000  0.000  0.000  0.000 -0.000
 4618.9    0  1.3577  0.343E-01  0.020  0.020    0.60  0.0021  0.990  0.020  0.000  0.000  1.000  0.000  0.500  0.000  0.000  0.000  0.000 -0.000
 4319.7    0  1.3621  0.267E-01  0.020  0.020    0.60  0.0017  0.990  0.020  0.000  0.000  1.000  0.000  0.500  0.000  0.000  0.000  0.000  0.000
 4016.1    0  1.3799  0.213E-01  0.020  0.020    0.60  0.0014  0.990  0.020  0.000  0.000  1.000  0.001  0.500  0.000  0.000  0.000  0.000  0.000
 3418.8    0  1.4670  0.487E-01  0.020  0.020    0.60  0.0037  0.990  0.020  0.000  0.000  1.000  0.001  0.500  0.000  0.000  0.000  0.000 -0.000
 3444.7    0  1.4602  0.438E-01  0.020  0.020    0.60  0.0033  0.990  0.020  0.000  0.000  1.000  0.001  0.500  0.000  0.000  0.000  0.000 -0.000
 2777.0    0  1.1248  0.530E-01  0.020  0.020    0.60  0.0061  0.990  0.020  0.000  0.000  1.000  0.001  0.500  0.000  0.000  0.000  0.000 -0.000
 2320.2    0  1.2971  0.000E+00  0.020  0.020    0.60  0.0000  0.990  0.020  1.000  0.001  1.000  0.002  0.500  0.000  0.000  0.000  0.000 -0.000
 2044.2    0  1.3176  0.000E+00  0.020  0.020    0.60  0.0000  0.990  0.020  1.000  0.001  1.000  0.002  0.500  0.000  0.000  0.000  0.000 -0.000
 1778.4    0  1.3291  0.000E+00  0.020  0.020    0.60  0.0000  0.990  0.020  1.000  0.001  1.000  0.003  0.500  0.001  0.000  0.000  0.000 -0.000
 1455.2    0  1.3326  0.000E+00  0.020  0.020    0.60  0.0000  0.990  0.020  1.000  0.001  1.000  0.004  0.500  0.001  0.000  0.000  0.000 -0.000
 1270.3    0  1.3326  0.000E+00  0.020  0.020    0.60  0.0000  0.990  0.020  1.000  0.002  1.000  0.005  0.500  0.001  0.000  0.000  0.000  0.000
  944.3    0  1.3326  0.000E+00  0.020  0.020    0.60  0.0000  0.990  0.020  1.000  0.003  1.000  0.010  0.500  0.002  0.000  0.000  0.000  0.000
  693.5    0  1.3326  0.000E+00  0.020  0.020    0.60  0.0001  0.990  0.020  1.000  0.006  1.000  0.018  0.500  0.004  0.000  0.000  0.000  0.000
  527.1    0  1.3326  0.000E+00  0.020  0.020    0.60  0.0004  0.990  0.020  1.000  0.010  1.000  0.031  0.500  0.007  0.000  0.000  0.000  0.000
  399.8    0  1.3326  0.000E+00  0.020  0.020    0.60  0.0011  0.990  0.020  1.000  0.018  1.000  0.054  0.501  0.011  0.000  0.000  0.000  0.000
  329.1    0  1.3326  0.000E+00  0.020  0.020    0.60  0.0024  0.990  0.020  1.000  0.027  1.000  0.080  0.501  0.017  0.000  0.000  0.000  0.000
  229.8    0  1.3326  0.000E+00  0.020  0.020    0.60  0.0098  0.990  0.020  1.000  0.054  1.000  0.163  0.505  0.034  0.001  0.000  0.000  0.000
 7082.2    0  1.3270  0.562E-01  0.020  0.020    0.60  0.0022  0.990  0.020  0.000  0.000  1.000  0.000  0.500  0.000  0.000  0.000  0.000  0.000
  300.0   50  1.3797  0.114E-01  0.020  0.030    0.60  0.0395  0.990  0.030  0.547  0.073  1.000  0.219  0.509  0.044  0.002  0.000  0.000  0.000
  400.0   50  1.3797  0.114E-01  0.020  0.030    0.60  0.0196  0.990  0.030  0.354  0.041  1.000  0.124  0.503  0.025  0.001  0.000  0.000  0.000
  440.0   50  1.3797  0.114E-01  0.020  0.030    0.60  0.0161  0.990  0.030  0.295  0.034  1.000  0.102  0.502  0.021  0.000  0.000  0.000  0.000
  500.0   50  1.3797  0.114E-01  0.020  0.030    0.60  0.0127  0.990  0.030  0.225  0.026  1.000  0.079  0.501  0.016  0.000  0.000  0.000  0.000
  550.0   50  1.3797  0.114E-01  0.020  0.030    0.60  0.0108  0.990  0.030  0.181  0.022  1.000  0.066  0.501  0.013  0.000  0.000  0.000  0.000
  600.0   50  1.3797  0.114E-01  0.020  0.030    0.60  0.0095  0.990  0.030  0.146  0.018  1.000  0.055  0.501  0.011  0.000  0.000  0.000  0.000
  675.0   50  1.3797  0.114E-01  0.020  0.030    0.60  0.0080  0.990  0.030  0.108  0.015  1.000  0.044  0.500  0.009  0.000  0.000  0.000  0.000
  800.0   50  1.3797  0.114E-01  0.020  0.030    0.60  0.0064  0.990  0.030  0.069  0.010  1.000  0.031  0.500  0.006  0.000  0.000  0.000  0.000
  870.0   50  1.3797  0.114E-01  0.020  0.030    0.60  0.0058  0.990  0.030  0.054  0.009  1.000  0.026  0.500  0.005  0.000  0.000  0.000  0.000
 1000.0   50  1.3797  0.114E-01  0.020  0.030    0.60  0.0049  0.990  0.030  0.037  0.007  1.000  0.020  0.500  0.004  0.000  0.000  0.000  0.000
 1020.0   50  1.3797  0.114E-01  0.020  0.030    0.60  0.0048  0.990  0.030  0.035  0.006  1.000  0.019  0.500  0.004  0.000  0.000  0.000  0.000
55555.6   50  1.7343  0.386E+00  0.020  0.030    0.60  0.0021  0.990  0.030  0.000  0.000  1.000  0.000  0.500  0.000  0.000  0.000 -0.000  0.000
23529.4   50  1.7349  0.395E+00  0.020  0.030    0.60  0.0052  0.990  0.030  0.000  0.000  1.000  0.000  0.500  0.000  0.000  0.000 -0.000 -0.000
17699.1   50  1.7588  0.446E+00  0.020  0.030    0.60  0.0076  0.990  0.030  0.000  0.000  1.000  0.000  0.500  0.000  0.000  0.000 -0.000  0.000
15037.6   50  1.5027  0.362E+00  0.020  0.030    0.60  0.0090  0.990  0.030  0.000  0.000  1.000  0.000  0.500  0.000  0.000  0.000 -0.000  0.000
13157.9   50  1.5337  0.292E+00  0.020  0.030    0.60  0.0081  0.990  0.030  0.000  0.000  1.000  0.000  0.500  0.000  0.000  0.000 -0.000 -0.000
11111.1   50  1.5882  0.344E+00  0.020  0.030    0.60  0.0108  0.990  0.030  0.000  0.000  1.000  0.000  0.500  0.000  0.000  0.000 -0.000 -0.000
 9708.7   50  1.6413  0.508E+00  0.020  0.030    0.60  0.0173  0.990  0.030  0.000  0.000  1.000  0.000  0.500  0.000  0.000  0.000  0.000  0.000
 8849.6   50  1.4307  0.516E+00  0.020  0.030    0.60  0.0229  0.990  0.030  0.000  0.000  1.000  0.000  0.500  0.000  0.000  0.000  0.000  0.000
 7782.1   50  1.2466  0.243E+00  0.020  0.030    0.60  0.0140  0.990  0.030  0.000  0.000  1.000  0.000  0.500  0.000  0.000  0.000  0.000  0.000
 6968.6   50  1.3269  0.172E+00  0.020  0.030    0.60  0.0105  0.990  0.030  0.000  0.000  1.000  0.000  0.500  0.000  0.000  0.000  0.000 -0.000
 6097.6   50  1.4180  0.218E+00  0.020  0.030    0.60  0.0142  0.990  0.030  0.000  0.000  1.000  0.001  0.500  0.000  0.000  0.000  0.000  0.000
 5154.6   50  1.3078  0.147E+00  0.020  0.030    0.60  0.0123  0.990  0.030  0.000  0.000  1.000  0.001  0.500  0.000  0.000  0.000  0.000 -0.000
 4618.9   50  1.3434  0.122E+00  0.020  0.030    0.60  0.0111  0.990  0.030  0.000  0.000  1.000  0.001  0.500  0.000  0.000  0.000  0.000  0.000
 4319.7   50  1.3490  0.116E+00  0.020  0.030    0.60  0.0113  0.990  0.030  0.000  0.000  1.000  0.001  0.500  0.000  0.000  0.000 -0.000 -0.000
 4016.1   50  1.3559  0.107E+00  0.020  0.030    0.60  0.0111  0.990  0.030  0.000  0.000  1.000  0.001  0.500  0.000  0.000  0.000  0.000 -0.000
 3418.8   50  1.3709  0.124E+00  0.020  0.030    0.60  0.0149  0.990  0.030  0.000  0.001  1.000  0.002  0.500  0.000  0.000  0.000  0.000  0.000
 3444.7   50  1.3700  0.120E+00  0.020  0.030    0.60  0.0144  0.990  0.030  0.000  0.001  1.000  0.002  0.500  0.000  0.000  0.000  0.000  0.000
 2777.0   50  1.1943  0.474E-01  0.020  0.030    0.60  0.0079  0.990  0.030  0.000  0.001  1.000  0.002  0.500  0.001  0.000  0.000  0.000 -0.000
 2320.2   50  1.3325  0.980E-03  0.020  0.030    0.60  0.0002  0.990  0.030  0.027  0.001  1.000  0.004  0.500  0.001  0.000  0.000  0.000 -0.000
 2044.2   50  1.3546  0.233E-02  0.020  0.030    0.60  0.0005  0.990  0.030  0.019  0.002  1.000  0.005  0.500  0.001  0.000  0.000  0.000  0.000
 1778.4   50  1.3679  0.541E-02  0.020  0.030    0.60  0.0013  0.990  0.030  0.013  0.002  1.000  0.006  0.500  0.001  0.000  0.000  0.000  0.000
 1455.2   50  1.3775  0.919E-02  0.020  0.030    0.60  0.0026  0.990  0.030  0.015  0.003  1.000  0.009  0.500  0.002  0.000  0.000  0.000  0.000
 1270.3   50  1.3797  0.114E-01  0.020  0.030    0.60  0.0038  0.990  0.030  0.018  0.004  1.000  0.012  0.500  0.003  0.000  0.000  0.000  0.000
  944.3   50  1.3797  0.114E-01  0.020  0.030    0.60  0.0052  0.990  0.030  0.043  0.007  1.000  0.022  0.500  0.005  0.000  0.000  0.000  0.000
  693.5   50  1.3797  0.114E-01  0.020  0.030    0.60  0.0077  0.990  0.030  0.101  0.014  1.000  0.041  0.500  0.008  0.000  0.000  0.000  0.000
  527.1   50  1.3797  0.114E-01  0.020  0.030    0.60  0.0116  0.990  0.030  0.200  0.024  1.000  0.071  0.501  0.015  0.000  0.000  0.000  0.000
  399.8   50  1.3797  0.114E-01  0.020  0.030    0.60  0.0197  0.990  0.030  0.354  0.041  1.000  0.124  0.503  0.025  0.001  0.000  0.000  0.000
  329.1   50  1.3797  0.114E-01  0.020  0.030    0.60  0.0310  0.990  0.030  0.485  0.061  1.000  0.182  0.506  0.037  0.001  0.000  0.000  0.000
  229.8   50  1.3797  0.114E-01  0.020  0.030    0.60  0.0851  0.990  0.030  0.705  0.125  1.000  0.375  0.527  0.076  0.005  0.000  0.000  0.000
 7082.2   50  1.3166  0.180E+00  0.020  0.030    0.60  0.0109  0.990  0.030  0.000  0.000  1.000  0.000  0.500  0.000  0.000  0.000 -0.000  0.000
  300.0   70  1.4179  0.173E-01  0.020  0.033    0.60  0.0705  0.990  0.033  0.562  0.092  1.000  0.277  0.515  0.055  0.002  0.000  0.000  0.000
  400.0   70  1.4179  0.173E-01  0.020  0.033    0.60  0.0344  0.990  0.033  0.372  0.052  1.000  0.156  0.505  0.031  0.001  0.000  0.000  0.000
  440.0   70  1.4179  0.173E-01  0.020  0.033    0.60  0.0280  0.990  0.033  0.313  0.043  1.000  0.129  0.503  0.026  0.001  0.000  0.000  0.000
  500.0   70  1.4179  0.173E-01  0.020  0.033    0.60  0.0219  0.990  0.033  0.241  0.033  1.000  0.100  0.502  0.020  0.000  0.000  0.000  0.000
  550.0   70  1.4179  0.173E-01  0.020  0.033    0.60  0.0185  0.990  0.033  0.194  0.028  1.000  0.083  0.501  0.016  0.000  0.000  0.000  0.000
  600.0   70  1.4179  0.173E-01  0.020  0.033    0.60  0.0161  0.990  0.033  0.158  0.023  1.000  0.070  0.501  0.014  0.000  0.000  0.000  0.000
  675.0   70  1.4179  0.173E-01  0.020  0.033    0.60  0.0135  0.990  0.033  0.118  0.018  1.000  0.055  0.501  0.011  0.000  0.000  0.000  0.000
  800.0   70  1.4179  0.173E-01  0.020  0.033    0.60  0.0107  0.990  0.033  0.075  0.013  1.000  0.039  0.500  0.008  0.000  0.000  0.000  0.000
  870.0   70  1.4179  0.173E-01  0.020  0.033    0.60  0.0097  0.990  0.033  0.060  0.011  1.000  0.033  0.500  0.007  0.000  0.000  0.000  0.000
 1000.0   70  1.4179  0.173E-01  0.020  0.033    0.60  0.0082  0.990  0.033  0.040  0.008  1.000  0.025  0.500  0.005  0.000  0.000  0.000  0.000
 1020.0   70  1.4179  0.173E-01  0.020  0.033    0.60  0.0080  0.990  0.033  0.038  0.008  1.000  0.024  0.500  0.005  0.000  0.000  0.000  0.000
55555.6   70  1.8355  0.478E+00  0.020  0.033    0.60  0.0027  0.990  0.033  0.000  0.000  1.000  0.000  0.500  0.000  0.000 -0.000 -0.000  0.000
23529.4   70  1.8130  0.494E+00  0.020  0.033    0.60  0.0067  0.990  0.033  0.000  0.000  1.000  0.000  0.500  0.000  0.000  0.000  0.000 -0.000
17699.1   70  1.9871  0.642E+00  0.020  0.033    0.60  0.0098  0.990  0.033  0.000  0.000  1.000  0.000  0.500  0.000  0.000  0.000 -0.000 -0.000
15037.6   70  1.5717  0.318E+00  0.020  0.033    0.60  0.0083  0.990  0.033  0.000  0.000  1.000  0.000  0.500  0.000  0.000  0.000 -0.000 -0.000
13157.9   70  1.6893  0.278E+00  0.020  0.033    0.60  0.0076  0.990  0.033  0.000  0.000  1.000  0.000  0.500  0.000  0.000  0.000  0.000  0.000
11111.1   70  1.7564  0.559E+00  0.020  0.033    0.60  0.0168  0.990  0.033  0.000  0.000  1.000  0.000  0.500  0.000  0.000  0.000 -0.000 -0.000
 9708.7   70  1.8590  0.755E+00  0.020  0.033    0.60  0.0230  0.990  0.033  0.000  0.000  1.000  0.000  0.500  0.000  0.000  0.000  0.000 -0.000
 8849.6   70  1.6034  0.777E+00  0.020  0.033    0.60  0.0324  0.990  0.033  0.000  0.000  1.000  0.000  0.500  0.000  0.000  0.000  0.000  0.000
 7782.1   70  1.1347  0.407E+00  0.020  0.033    0.60  0.0282  0.990  0.033  0.000  0.000  1.000  0.000  0.500  0.000  0.000  0.000  0.000  0.000
 6968.6   70  1.2809  0.172E+00  0.020  0.033    0.60  0.0121  0.990  0.033  0.000  0.000  1.000  0.000  0.500  0.000  0.000  0.000 -0.000 -0.000
 6097.6   70  1.4549  0.217E+00  0.020  0.033    0.60  0.0154  0.990  0.033  0.000  0.000  1.000  0.001  0.500  0.000  0.000  0.000  0.000  0.000
 5154.6   70  1.3515  0.151E+00  0.020  0.033    0.60  0.0136  0.990  0.033  0.000  0.000  1.000  0.001  0.500  0.000  0.000  0.000  0.000 -0.000
 4618.9   70  1.4025  0.150E+00  0.020  0.033    0.60  0.0147  0.990  0.033  0.000  0.000  1.000  0.001  0.500  0.000  0.000  0.000  0.000 -0.000
 4319.7   70  1.4035  0.143E+00  0.020  0.033    0.60  0.0149  0.990  0.033  0.000  0.000  1.000  0.001  0.500  0.000  0.000  0.000  0.000 -0.000
 4016.1   70  1.4100  0.161E+00  0.020  0.033    0.60  0.0179  0.990  0.033  0.000  0.001  1.000  0.002  0.500  0.000  0.000  0.000  0.000 -0.000
 3418.8   70  1.3584  0.195E+00  0.020  0.033    0.60  0.0265  0.990  0.033  0.000  0.001  1.000  0.002  0.500  0.000  0.000  0.000  0.000  0.000
 3444.7   70  1.3646  0.194E+00  0.020  0.033    0.60  0.0261  0.990  0.033  0.000  0.001  1.000  0.002  0.500  0.000  0.000  0.000  0.000 -0.000
 2777.0   70  1.2728  0.350E-01  0.020  0.033    0.60  0.0062  0.990  0.033  0.000  0.001  1.000  0.003  0.500  0.001  0.000  0.000  0.000 -0.000
 2320.2   70  1.3750  0.847E-02  0.020  0.033    0.60  0.0017  0.990  0.033  0.006  0.002  1.000  0.005  0.500  0.001  0.000  0.000  0.000 -0.000
 2044.2   70  1.3969  0.106E-01  0.020  0.033    0.60  0.0024  0.990  0.033  0.007  0.002  1.000  0.006  0.500  0.001  0.000  0.000  0.000  0.000
 1778.4   70  1.4077  0.133E-01  0.020  0.033    0.60  0.0034  0.990  0.033  0.009  0.003  1.000  0.008  0.500  0.002  0.000  0.000  0.000  0.000
 1455.2   70  1.4162  0.160E-01  0.020  0.033    0.60  0.0050  0.990  0.033  0.015  0.004  1.000  0.012  0.500  0.002  0.000  0.000  0.000  0.000
 1270.3   70  1.4179  0.173E-01  0.020  0.033    0.60  0.0063  0.990  0.033  0.020  0.005  1.000  0.016  0.500  0.003  0.000  0.000  0.000  0.000
  944.3   70  1.4179  0.173E-01  0.020  0.033    0.60  0.0088  0.990  0.033  0.047  0.009  1.000  0.028  0.500  0.006  0.000  0.000  0.000  0.000
  693.5   70  1.4179  0.173E-01  0.020  0.033    0.60  0.0130  0.990  0.033  0.110  0.017  1.000  0.052  0.501  0.010  0.000  0.000  0.000  0.000
  527.1   70  1.4179  0.173E-01  0.020  0.033    0.60  0.0199  0.990  0.033  0.214  0.030  1.000  0.090  0.502  0.018  0.000  0.000  0.000  0.000
  399.8   70  1.4179  0.173E-01  0.020  0.033    0.60  0.0344  0.990  0.033  0.373  0.052  1.000  0.156  0.505  0.031  0.001  0.000  0.000  0.000
  329.1   70  1.4179  0.173E-01  0.020  0.033    0.60  0.0551  0.990  0.033  0.502  0.077  1.000  0.230  0.510  0.045  0.002  0.000  0.000  0.000
  229.8   70  1.4179  0.173E-01  0.020  0.033    0.60  0.1524  0.990  0.033  0.712  0.159  1.000  0.478  0.543  0.094  0.007  0.000  0.000  0.000
 7082.2   70  1.2553  0.183E+00  0.020  0.033    0.60  0.0128  0.990  0.033  0.000  0.000  1.000  0.000  0.500  0.000  0.000  0.000 -0.000  0.000
  300.0   80  1.4200  0.137E-01  0.020  0.036    0.60  0.0797  0.990  0.036  0.664  0.107  1.000  0.321  0.520  0.063  0.003  0.000  0.000  0.000
  400.0   80  1.4200  0.137E-01  0.020  0.036    0.60  0.0358  0.990  0.036  0.481  0.060  1.000  0.181  0.506  0.036  0.001  0.000  0.000  0.000
  440.0   80  1.4200  0.137E-01  0.020  0.036    0.60  0.0284  0.990  0.036  0.416  0.050  1.000  0.149  0.504  0.030  0.001  0.000  0.000  0.000
  500.0   80  1.4200  0.137E-01  0.020  0.036    0.60  0.0213  0.990  0.036  0.332  0.039  1.000  0.116  0.503  0.023  0.000  0.000  0.000  0.000
  550.0   80  1.4200  0.137E-01  0.020  0.036    0.60  0.0176  0.990  0.036  0.275  0.032  1.000  0.096  0.502  0.019  0.000  0.000  0.000  0.000
  600.0   80  1.4200  0.137E-01  0.020  0.036    0.60  0.0150  0.990  0.036  0.229  0.027  1.000  0.081  0.501  0.016  0.000  0.000  0.000  0.000
  675.0   80  1.4200  0.137E-01  0.020  0.036    0.60  0.0123  0.990  0.036  0.174  0.021  1.000  0.064  0.501  0.013  0.000  0.000  0.000  0.000
  800.0   80  1.4200  0.137E-01  0.020  0.036    0.60  0.0095  0.990  0.036  0.114  0.015  1.000  0.045  0.500  0.009  0.000  0.000  0.000  0.000
  870.0   80  1.4200  0.137E-01  0.020  0.036    0.60  0.0085  0.990  0.036  0.091  0.013  1.000  0.038  0.500  0.008  0.000  0.000  0.000  0.000
 1000.0   80  1.4200  0.137E-01  0.020  0.036    0.60  0.0071  0.990  0.036  0.062  0.010  1.000  0.029  0.500  0.006  0.000  0.000  0.000  0.000
 1020.0   80  1.4200  0.137E-01  0.020  0.036    0.60  0.0070  0.990  0.036  0.059  0.009  1.000  0.028  0.500  0.006  0.000  0.000  0.000  0.000
55555.6   80  1.8123  0.377E+00  0.020  0.036    0.60  0.0024  0.990  0.036  0.000  0.000  1.000  0.000  0.500  0.000  0.000  0.000  0.000  0.000
23529.4   80  1.7926  0.394E+00  0.020  0.036    0.60  0.0059  0.990  0.036  0.000  0.000  1.000  0.000  0.500  0.000  0.000  0.000  0.000  0.000
17699.1   80  1.9542  0.666E+00  0.020  0.036    0.60  0.0112  0.990  0.036  0.000  0.000  1.000  0.000  0.500  0.000  0.000  0.000 -0.000  0.000
15037.6   80  1.5722  0.269E+00  0.020  0.036    0.60  0.0076  0.990  0.036  0.000  0.000  1.000  0.000  0.500  0.000  0.000  0.000  0.000 -0.000
13157.9   80  1.6818  0.227E+00  0.020  0.036    0.60  0.0067  0.990  0.036  0.000  0.000  1.000  0.000  0.500  0.000  0.000  0.000  0.000 -0.000
11111.1   80  1.8154  0.557E+00  0.020  0.036    0.60  0.0171  0.990  0.036  0.000  0.000  1.000  0.000  0.500  0.000  0.000  0.000  0.000  0.000
 9708.7   80  1.8968  0.724E+00  0.020  0.036    0.60  0.0231  0.990  0.036  0.000  0.000  1.000  0.000  0.500  0.000  0.000  0.000 -0.000  0.000
 8849.6   80  1.5905  0.805E+00  0.020  0.036    0.60  0.0363  0.990  0.036  0.000  0.000  1.000  0.000  0.500  0.000  0.000  0.000  0.000 -0.000
 7782.1   80  1.0819  0.427E+00  0.020  0.036    0.60  0.0329  0.990  0.036  0.000  0.000  1.000  0.000  0.500  0.000  0.000  0.000  0.000 -0.000
 6968.6   80  1.2648  0.119E+00  0.020  0.036    0.60  0.0090  0.990  0.036  0.000  0.000  1.000  0.001  0.500  0.000  0.000  0.000 -0.000 -0.000
 6097.6   80  1.4392  0.178E+00  0.020  0.036    0.60  0.0137  0.990  0.036  0.000  0.000  1.000  0.001  0.500  0.000  0.000  0.000  0.000  0.000
 5154.6   80  1.3947  0.131E+00  0.020  0.036    0.60  0.0124  0.990  0.036  0.000  0.000  1.000  0.001  0.500  0.000  0.000  0.000  0.000  0.000
 4618.9   80  1.4292  0.159E+00  0.020  0.036    0.60  0.0163  0.990  0.036  0.000  0.000  1.000  0.001  0.500  0.000  0.000  0.000  0.000  0.000
 4319.7   80  1.4226  0.148E+00  0.020  0.036    0.60  0.0163  0.990  0.036  0.000  0.001  1.000  0.002  0.500  0.000  0.000  0.000  0.000  0.000
 4016.1   80  1.4213  0.176E+00  0.020  0.036    0.60  0.0209  0.990  0.036  0.000  0.001  1.000  0.002  0.500  0.000  0.000  0.000  0.000 -0.000
 3418.8   80  1.3373  0.207E+00  0.020  0.036    0.60  0.0307  0.990  0.036  0.000  0.001  1.000  0.002  0.500  0.001  0.000  0.000  0.000  0.000
 3444.7   80  1.3447  0.208E+00  0.020  0.036    0.60  0.0304  0.990  0.036  0.000  0.001  1.000  0.002  0.500  0.000  0.000  0.000  0.000  0.000
 2777.0   80  1.2968  0.202E-01  0.020  0.036    0.60  0.0038  0.990  0.036  0.001  0.001  1.000  0.004  0.500  0.001  0.000  0.000  0.000  0.000
 2320.2   80  1.3763  0.346E-02  0.020  0.036    0.60  0.0007  0.990  0.036  0.017  0.002  1.000  0.005  0.500  0.001  0.000  0.000  0.000  0.000
 2044.2   80  1.3966  0.455E-02  0.020  0.036    0.60  0.0011  0.990  0.036  0.021  0.002  1.000  0.007  0.500  0.001  0.000  0.000  0.000  0.000
 1778.4   80  1.4098  0.796E-02  0.020  0.036    0.60  0.0022  0.990  0.036  0.019  0.003  1.000  0.009  0.500  0.002  0.000  0.000  0.000  0.000
 1455.2   80  1.4183  0.120E-01  0.020  0.036    0.60  0.0041  0.990  0.036  0.024  0.005  1.000  0.014  0.500  0.003  0.000  0.000  0.000  0.000
 1270.3   80  1.4200  0.137E-01  0.020  0.036    0.60  0.0054  0.990  0.036  0.032  0.006  1.000  0.018  0.500  0.004  0.000  0.000  0.000  0.000
  944.3   80  1.4200  0.137E-01  0.020  0.036    0.60  0.0077  0.990  0.036  0.073  0.011  1.000  0.033  0.500  0.007  0.000  0.000  0.000  0.000
  693.5   80  1.4200  0.137E-01  0.020  0.036    0.60  0.0118  0.990  0.036  0.163  0.020  1.000  0.060  0.501  0.012  0.000  0.000  0.000  0.000
  527.1   80  1.4200  0.137E-01  0.020  0.036    0.60  0.0192  0.990  0.036  0.300  0.035  1.000  0.104  0.502  0.021  0.000  0.000  0.000  0.000
  399.8   80  1.4200  0.137E-01  0.020  0.036    0.60  0.0358  0.990  0.036  0.481  0.060  1.000  0.181  0.506  0.036  0.001  0.000  0.000  0.000
  329.1   80  1.4200  0.137E-01  0.020  0.036    0.60  0.0608  0.990  0.036  0.609  0.089  1.000  0.267  0.514  0.052  0.002  0.000  0.000  0.000
  229.8   80  1.4200  0.137E-01  0.020  0.036    0.60  0.1805  0.990  0.036  0.788  0.186  1.000  0.557  0.558  0.109  0.010  0.000  0.000  0.000
 7082.2   80  1.2291  0.131E+00  0.020  0.036    0.60  0.0100  0.990  0.036  0.000  0.000  1.000  0.001  0.500  0.000  0.000  0.000  0.000 -0.000
  300.0   90  1.4200  0.137E-01  0.020  0.041    0.60  0.1203  0.990  0.041  0.733  0.141  1.000  0.423  0.534  0.083  0.006  0.000  0.000  0.000
  400.0   90  1.4200  0.137E-01  0.020  0.041    0.60  0.0513  0.990  0.041  0.571  0.079  1.000  0.236  0.511  0.046  0.002  0.000  0.000  0.000
  440.0   90  1.4200  0.137E-01  0.020  0.041    0.60  0.0396  0.990  0.041  0.507  0.065  1.000  0.195  0.507  0.039  0.001  0.000  0.000  0.000
  500.0   90  1.4200  0.137E-01  0.020  0.041    0.60  0.0288  0.990  0.041  0.421  0.050  1.000  0.151  0.504  0.030  0.001  0.000  0.000  0.000
  550.0   90  1.4200  0.137E-01  0.020  0.041    0.60  0.0232  0.990  0.041  0.358  0.042  1.000  0.125  0.503  0.025  0.001  0.000  0.000  0.000
  600.0   90  1.4200  0.137E-01  0.020  0.041    0.60  0.0194  0.990  0.041  0.303  0.035  1.000  0.105  0.502  0.021  0.000  0.000  0.000  0.000
  675.0   90  1.4200  0.137E-01  0.020  0.041    0.60  0.0155  0.990  0.041  0.237  0.028  1.000  0.083  0.501  0.017  0.000  0.000  0.000  0.000
  800.0   90  1.4200  0.137E-01  0.020  0.041    0.60  0.0116  0.990  0.041  0.160  0.020  1.000  0.060  0.501  0.012  0.000  0.000  0.000  0.000
  870.0   90  1.4200  0.137E-01  0.020  0.041    0.60  0.0103  0.990  0.041  0.130  0.017  1.000  0.050  0.500  0.010  0.000  0.000  0.000  0.000
 1000.0   90  1.4200  0.137E-01  0.020  0.041    0.60  0.0085  0.990  0.041  0.090  0.013  1.000  0.038  0.500  0.008  0.000  0.000  0.000  0.000
 1020.0   90  1.4200  0.137E-01  0.020  0.041    0.60  0.0082  0.990  0.041  0.086  0.012  1.000  0.037  0.500  0.007  0.000  0.000  0.000  0.000
55555.6   90  1.8123  0.377E+00  0.020  0.041    0.60  0.0027  0.990  0.041  0.000  0.000  1.000  0.000  0.500  0.000  0.000  0.000 -0.000  0.000
23529.4   90  1.7926  0.394E+00  0.020  0.041    0.60  0.0068  0.990  0.041  0.000  0.000  1.000  0.000  0.500  0.000  0.000  0.000 -0.000  0.000
17699.1   90  1.9542  0.666E+00  0.020  0.041    0.60  0.0128  0.990  0.041  0.000  0.000  1.000  0.000  0.500  0.000  0.000  0.000  0.000 -0.000
15037.6   90  1.5722  0.269E+00  0.020  0.041    0.60  0.0087  0.990  0.041  0.000  0.000  1.000  0.000  0.500  0.000  0.000  0.000 -0.000  0.000
13157.9   90  1.6818  0.227E+00  0.020  0.041    0.60  0.0077  0.990  0.041  0.000  0.000  1.000  0.000  0.500  0.000  0.000  0.000  0.000 -0.000
11111.1   90  1.8154  0.557E+00  0.020  0.041    0.60  0.0195  0.990  0.041  0.000  0.000  1.000  0.000  0.500  0.000  0.000  0.000  0.000 -0.000
 9708.7   90  1.8968  0.724E+00  0.020  0.041    0.60  0.0264  0.990  0.041  0.000  0.000  1.000  0.000  0.500  0.000  0.000  0.000  0.000 -0.000
 8849.6   90  1.5905  0.805E+00  0.020  0.041    0.60  0.0415  0.990  0.041  0.000  0.000  1.000  0.000  0.500  0.000  0.000  0.000  0.000 -0.000
 7782.1   90  1.0819  0.427E+00  0.020  0.041    0.60  0.0377  0.990  0.041  0.000  0.000  1.000  0.001  0.500  0.000  0.000  0.000  0.000 -0.000
 6968.6   90  1.2648  0.119E+00  0.020  0.041    0.60  0.0104  0.990  0.041  0.000  0.000  1.000  0.001  0.500  0.000  0.000  0.000  0.000 -0.000
 6097.6   90  1.4392  0.178E+00  0.020  0.041    0.60  0.0157  0.990  0.041  0.000  0.000  1.000  0.001  0.500  0.000  0.000  0.000  0.000 -0.000
 5154.6   90  1.3947  0.131E+00  0.020  0.041    0.60  0.0142  0.990  0.041  0.000  0.000  1.000  0.001  0.500  0.000  0.000  0.000  0.000 -0.000
 4618.9   90  1.4292  0.159E+00  0.020  0.041    0.60  0.0187  0.990  0.041  0.000  0.001  1.000  0.002  0.500  0.000  0.000  0.000  0.000  0.000
 4319.7   90  1.4226  0.148E+00  0.020  0.041    0.60  0.0187  0.990  0.041  0.000  0.001  1.000  0.002  0.500  0.000  0.000  0.000  0.000  0.000
 4016.1   90  1.4213  0.176E+00  0.020  0.041    0.60  0.0240  0.990  0.041  0.000  0.001  1.000  0.002  0.500  0.000  0.000  0.000  0.000 -0.000
 3418.8   90  1.3373  0.207E+00  0.020  0.041    0.60  0.0351  0.990  0.041  0.000  0.001  1.000  0.003  0.500  0.001  0.000  0.000  0.000  0.000
 3444.7   90  1.3447  0.208E+00  0.020  0.041    0.60  0.0348  0.990  0.041  0.000  0.001  1.000  0.003  0.500  0.001  0.000  0.000  0.000 -0.000
 2777.0   90  1.2968  0.202E-01  0.020  0.041    0.60  0.0043  0.990  0.041  0.002  0.002  1.000  0.005  0.500  0.001  0.000  0.000  0.000  0.000
 2320.2   90  1.3763  0.346E-02  0.020  0.041    0.60  0.0009  0.990  0.041  0.025  0.002  1.000  0.007  0.500  0.001  0.000  0.000  0.000 -0.000
 2044.2   90  1.3966  0.455E-02  0.020  0.041    0.60  0.0013  0.990  0.041  0.031  0.003  1.000  0.009  0.500  0.002  0.000  0.000  0.000  0.000
 1778.4   90  1.4098  0.796E-02  0.020  0.041    0.60  0.0026  0.990  0.041  0.029  0.004  1.000  0.012  0.500  0.002  0.000  0.000  0.000  0.000
 1455.2   90  1.4183  0.120E-01  0.020  0.041    0.60  0.0047  0.990  0.041  0.036  0.006  1.000  0.018  0.500  0.004  0.000  0.000  0.000  0.000
 1270.3   90  1.4200  0.137E-01  0.020  0.041    0.60  0.0063  0.990  0.041  0.047  0.008  1.000  0.024  0.500  0.005  0.000  0.000  0.000  0.000
  944.3   90  1.4200  0.137E-01  0.020  0.041    0.60  0.0091  0.990  0.041  0.105  0.014  1.000  0.043  0.500  0.009  0.000  0.000  0.000  0.000
  693.5   90  1.4200  0.137E-01  0.020  0.041    0.60  0.0148  0.990  0.041  0.224  0.026  1.000  0.079  0.501  0.016  0.000  0.000  0.000  0.000
  527.1   90  1.4200  0.137E-01  0.020  0.041    0.60  0.0255  0.990  0.041  0.385  0.045  1.000  0.136  0.504  0.027  0.001  0.000  0.000  0.000
  399.8   90  1.4200  0.137E-01  0.020  0.041    0.60  0.0513  0.990  0.041  0.571  0.079  1.000  0.237  0.511  0.047  0.002  0.000  0.000  0.000
  329.1   90  1.4200  0.137E-01  0.020  0.041    0.60  0.0906  0.990  0.041  0.687  0.117  1.000  0.350  0.523  0.069  0.004  0.000  0.000  0.000
  229.8   90  1.4200  0.137E-01  0.020  0.041    0.60  0.2704  0.990  0.041  0.830  0.249  1.000  0.747  0.604  0.147  0.017  0.001  0.000  0.000
 7082.2   90  1.2291  0.131E+00  0.020  0.041    0.60  0.0115  0.990  0.041  0.000  0.000  1.000  0.001  0.500  0.000  0.000  0.000  0.000  0.000
  300.0   95  1.4200  0.137E-01  0.020  0.044    0.60  0.1481  0.990  0.044  0.763  0.162  1.000  0.487  0.545  0.095  0.007  0.000  0.000  0.000
  400.0   95  1.4200  0.137E-01  0.020  0.044    0.60  0.0621  0.990  0.044  0.613  0.090  1.000  0.270  0.514  0.053  0.002  0.000  0.000  0.000
  440.0   95  1.4200  0.137E-01  0.020  0.044    0.60  0.0475  0.990  0.044  0.553  0.074  1.000  0.223  0.510  0.044  0.002  0.000  0.000  0.000
  500.0   95  1.4200  0.137E-01  0.020  0.044    0.60  0.0340  0.990  0.044  0.466  0.058  1.000  0.173  0.506  0.034  0.001  0.000  0.000  0.000
  550.0   95  1.4200  0.137E-01  0.020  0.044    0.60  0.0270  0.990  0.044  0.402  0.048  1.000  0.143  0.504  0.028  0.001  0.000  0.000  0.000
  600.0   95  1.4200  0.137E-01  0.020  0.044    0.60  0.0223  0.990  0.044  0.345  0.040  1.000  0.121  0.503  0.024  0.000  0.000  0.000  0.000
  675.0   95  1.4200  0.137E-01  0.020  0.044    0.60  0.0175  0.990  0.044  0.274  0.032  1.000  0.095  0.502  0.019  0.000  0.000  0.000  0.000
  800.0   95  1.4200  0.137E-01  0.020  0.044    0.60  0.0130  0.990  0.044  0.188  0.023  1.000  0.068  0.501  0.014  0.000  0.000  0.000  0.000
  870.0   95  1.4200  0.137E-01  0.020  0.044    0.60  0.0114  0.990  0.044  0.154  0.019  1.000  0.058  0.501  0.011  0.000  0.000  0.000  0.000
 1000.0   95  1.4200  0.137E-01  0.020  0.044    0.60  0.0093  0.990  0.044  0.108  0.015  1.000  0.044  0.500  0.009  0.000  0.000  0.000  0.000
 1020.0   95  1.4200  0.137E-01  0.020  0.044    0.60  0.0090  0.990  0.044  0.102  0.014  1.000  0.042  0.500  0.008  0.000  0.000  0.000  0.000
55555.6   95  1.8123  0.377E+00  0.020  0.044    0.60  0.0029  0.990  0.044  0.000  0.000  1.000  0.000  0.500  0.000  0.000  0.000  0.000 -0.000
23529.4   95  1.7926  0.394E+00  0.020  0.044    0.60  0.0072  0.990  0.044  0.000  0.000  1.000  0.000  0.500  0.000  0.000  0.000  0.000 -0.000
17699.1   95  1.9542  0.666E+00  0.020  0.044    0.60  0.0137  0.990  0.044  0.000  0.000  1.000  0.000  0.500  0.000  0.000  0.000  0.000 -0.000
15037.6   95  1.5722  0.269E+00  0.020  0.044    0.60  0.0093  0.990  0.044  0.000  0.000  1.000  0.000  0.500  0.000  0.000  0.000  0.000  0.000
13157.9   95  1.6818  0.227E+00  0.020  0.044    0.60  0.0082  0.990  0.044  0.000  0.000  1.000  0.000  0.500  0.000  0.000  0.000  0.000  0.000
11111.1   95  1.8154  0.557E+00  0.020  0.044    0.60  0.0209  0.990  0.044  0.000  0.000  1.000  0.000  0.500  0.000  0.000  0.000  0.000 -0.000
 9708.7   95  1.8968  0.724E+00  0.020  0.044    0.60  0.0282  0.990  0.044  0.000  0.000  1.000  0.001  0.500  0.000  0.000  0.000  0.000  0.000
 8849.6   95  1.5905  0.805E+00  0.020  0.044    0.60  0.0444  0.990  0.044  0.000  0.000  1.000  0.001  0.500  0.000  0.000  0.000 -0.000 -0.000
 7782.1   95  1.0819  0.427E+00  0.020  0.044    0.60  0.0403  0.990  0.044  0.000  0.000  1.000  0.001  0.500  0.000  0.000  0.000  0.000  0.000
 6968.6   95  1.2648  0.119E+00  0.020  0.044    0.60  0.0111  0.990  0.044  0.000  0.000  1.000  0.001  0.500  0.000  0.000  0.000  0.000 -0.000
 6097.6   95  1.4392  0.178E+00  0.020  0.044    0.60  0.0168  0.990  0.044  0.000  0.000  1.000  0.001  0.500  0.000  0.000  0.000  0.000  0.000
 5154.6   95  1.3947  0.131E+00  0.020  0.044    0.60  0.0152  0.990  0.044  0.000  0.001  1.000  0.002  0.500  0.000  0.000  0.000  0.000 -0.000
 4618.9   95  1.4292  0.159E+00  0.020  0.044    0.60  0.0200  0.990  0.044  0.000  0.001  1.000  0.002  0.500  0.000  0.000  0.000  0.000  0.000
 4319.7   95  1.4226  0.148E+00  0.020  0.044    0.60  0.0200  0.990  0.044  0.000  0.001  1.000  0.002  0.500  0.000  0.000  0.000  0.000  0.000
 4016.1   95  1.4213  0.176E+00  0.020  0.044    0.60  0.0256  0.990  0.044  0.000  0.001  1.000  0.003  0.500  0.001  0.000  0.000  0.000  0.000
 3418.8   95  1.3373  0.207E+00  0.020  0.044    0.60  0.0376  0.990  0.044  0.000  0.001  1.000  0.004  0.500  0.001  0.000  0.000  0.000  0.000
 3444.7   95  1.3447  0.208E+00  0.020  0.044    0.60  0.0373  0.990  0.044  0.000  0.001  1.000  0.004  0.500  0.001  0.000  0.000  0.000  0.000
 2777.0   95  1.2968  0.202E-01  0.020  0.044    0.60  0.0046  0.990  0.044  0.002  0.002  1.000  0.005  0.500  0.001  0.000  0.000  0.000 -0.000
 2320.2   95  1.3763  0.346E-02  0.020  0.044    0.60  0.0009  0.990  0.044  0.030  0.003  1.000  0.008  0.500  0.002  0.000  0.000  0.000 -0.000
 2044.2   95  1.3966  0.455E-02  0.020  0.044    0.60  0.0014  0.990  0.044  0.037  0.003  1.000  0.010  0.500  0.002  0.000  0.000  0.000  0.000
 1778.4   95  1.4098  0.796E-02  0.020  0.044    0.60  0.0028  0.990  0.044  0.035  0.005  1.000  0.014  0.500  0.003  0.000  0.000  0.000  0.000
 1455.2   95  1.4183  0.120E-01  0.020  0.044    0.60  0.0051  0.990  0.044  0.043  0.007  1.000  0.021  0.500  0.004  0.000  0.000  0.000  0.000
 1270.3   95  1.4200  0.137E-01  0.020  0.044    0.60  0.0068  0.990  0.044  0.056  0.009  1.000  0.027  0.500  0.005  0.000  0.000  0.000  0.000
  944.3   95  1.4200  0.137E-01  0.020  0.044    0.60  0.0101  0.990  0.044  0.125  0.016  1.000  0.049  0.500  0.010  0.000  0.000  0.000  0.000
  693.5   95  1.4200  0.137E-01  0.020  0.044    0.60  0.0167  0.990  0.044  0.259  0.030  1.000  0.090  0.502  0.018  0.000  0.000  0.000  0.000
  527.1   95  1.4200  0.137E-01  0.020  0.044    0.60  0.0299  0.990  0.044  0.431  0.052  1.000  0.156  0.505  0.031  0.001  0.000  0.000  0.000
  399.8   95  1.4200  0.137E-01  0.020  0.044    0.60  0.0621  0.990  0.044  0.614  0.090  1.000  0.271  0.514  0.053  0.002  0.000  0.000  0.000
  329.1   95  1.4200  0.137E-01  0.020  0.044    0.60  0.1113  0.990  0.044  0.721  0.134  1.000  0.402  0.531  0.079  0.005  0.000  0.000  0.000
  229.8   95  1.4200  0.137E-01  0.020  0.044    0.60  0.3277  0.990  0.044  0.847  0.290  1.000  0.869  0.641  0.172  0.023  0.002  0.000  0.000
 7082.2   95  1.2291  0.131E+00  0.020  0.044    0.60  0.0123  0.990  0.044  0.000  0.000  1.000  0.001  0.500  0.000  0.000  0.000  0.000 -0.000
  300.0   99  1.4200  0.137E-01  0.020  0.044    0.60  0.1481  0.990  0.044  0.763  0.162  1.000  0.487  0.545  0.095  0.007  0.000  0.000  0.000
  400.0   99  1.4200  0.137E-01  0.020  0.044    0.60  0.0621  0.990  0.044  0.613  0.090  1.000  0.270  0.514  0.053  0.002  0.000  0.000  0.000
  440.0   99  1.4200  0.137E-01  0.020  0.044    0.60  0.0475  0.990  0.044  0.553  0.074  1.000  0.223  0.510  0.044  0.002  0.000  0.000  0.000
  500.0   99  1.4200  0.137E-01  0.020  0.044    0.60  0.0340  0.990  0.044  0.466  0.058  1.000  0.173  0.506  0.034  0.001  0.000  0.000  0.000
  550.0   99  1.4200  0.137E-01  0.020  0.044    0.60  0.0270  0.990  0.044  0.402  0.048  1.000  0.143  0.504  0.028  0.001  0.000  0.000  0.000
  600.0   99  1.4200  0.137E-01  0.020  0.044    0.60  0.0223  0.990  0.044  0.345  0.040  1.000  0.121  0.503  0.024  0.000  0.000  0.000  0.000
  675.0   99  1.4200  0.137E-01  0.020  0.044    0.60  0.0175  0.990  0.044  0.274  0.032  1.000  0.095  0.502  0.019  0.000  0.000  0.000  0.000
  800.0   99  1.4200  0.137E-01  0.020  0.044    0.60  0.0130  0.990  0.044  0.188  0.023  1.000  0.068  0.501  0.014  0.000  0.000  0.000  0.000
  870.0   99  1.4200  0.137E-01  0.020  0.044    0.60  0.0114  0.990  0.044  0.154  0.019  1.000  0.058  0.501  0.011  0.000  0.000  0.000  0.000
 1000.0   99  1.4200  0.137E-01  0.020  0.044    0.60  0.0093  0.990  0.044  0.108  0.015  1.000  0.044  0.500  0.009  0.000  0.000  0.000  0.000
 1020.0   99  1.4200  0.137E-01  0.020  0.044    0.60  0.0090  0.990  0.044  0.102  0.014  1.000  0.042  0.500  0.008  0.000  0.000  0.000  0.000
55555.6   99  1.8123  0.377E+00  0.020  0.044    0.60  0.0029  0.990  0.044  0.000  0.000  1.000  0.000  0.500  0.000  0.000  0.000  0.000 -0.000
23529.4   99  1.7926  0.394E+00  0.020  0.044    0.60  0.0072  0.990  0.044  0.000  0.000  1.000  0.000  0.500  0.000  0.000  0.000  0.000 -0.000
17699.1   99  1.9542  0.666E+00  0.020  0.044    0.60  0.0137  0.990  0.044  0.000  0.000  1.000  0.000  0.500  0.000  0.000  0.000  0.000 -0.000
15037.6   99  1.5722  0.269E+00  0.020  0.044    0.60  0.0093  0.990  0.044  0.000  0.000  1.000  0.000  0.500  0.000  0.000  0.000  0.000  0.000
13157.9   99  1.6818  0.227E+00  0.020  0.044    0.60  0.0082  0.990  0.044  0.000  0.000  1.000  0.000  0.500  0.000  0.000  0.000  0.000  0.000
11111.1   99  1.8154  0.557E+00  0.020  0.044    0.60  0.0209  0.990  0.044  0.000  0.000  1.000  0.000  0.500  0.000  0.000  0.000  0.000 -0.000
 9708.7   99  1.8968  0.724E+00  0.020  0.044    0.60  0.0282  0.990  0.044  0.000  0.000  1.000  0.001  0.500  0.000  0.000  0.000  0.000  0.000
 8849.6   99  1.5905  0.805E+00  0.020  0.044    0.60  0.0444  0.990  0.044  0.000  0.000  1.000  0.001  0.500  0.000  0.000  0.000 -0.000 -0.000
 7782.1   99  1.0819  0.427E+00  0.020  0.044    0.60  0.0403  0.990  0.044  0.000  0.000  1.000  0.001  0.500  0.000  0.000  0.000  0.000  0.000
 6968.6   99  1.2648  0.119E+00  0.020  0.044    0.60  0.0111  0.990  0.044  0.000  0.000  1.000  0.001  0.500  0.000  0.000  0.000  0.000 -0.000
 6097.6   99  1.4392  0.178E+00  0.020  0.044    0.60  0.0168  0.990  0.044  0.000  0.000  1.000  0.001  0.500  0.000  0.000  0.000  0.000  0.000
 5154.6   99  1.3947  0.131E+00  0.020  0.044    0.60  0.0152  0.990  0.044  0.000  0.001  1.000  0.002  0.500  0.000  0.000  0.000  0.000 -0.000
 4618.9   99  1.4292  0.159E+00  0.020  0.044    0.60  0.0200  0.990  0.044  0.000  0.001  1.000  0.002  0.500  0.000  0.000  0.000  0.000  0.000
 4319.7   99  1.4226  0.148E+00  0.020  0.044    0.60  0.0200  0.990  0.044  0.000  0.001  1.000  0.002  0.500  0.000  0.000  0.000  0.000  0.000
 4016.1   99  1.4213  0.176E+00  0.020  0.044    0.60  0.0256  0.990  0.044  0.000  0.001  1.000  0.003  0.500  0.001  0.000  0.000  0.000  0.000
 3418.8   99  1.3373  0.207E+00  0.020  0.044    0.60  0.0376  0.990  0.044  0.000  0.001  1.000  0.004  0.500  0.001  0.000  0.000  0.000  0.000
 3444.7   99  1.3447  0.208E+00  0.020  0.044    0.60  0.0373  0.990  0.044  0.000  0.001  1.000  0.004  0.500  0.001  0.000  0.000  0.000  0.000
 2777.0   99  1.2968  0.202E-01  0.020  0.044    0.60  0.0046  0.990  0.044  0.002  0.002  1.000  0.005  0.500  0.001  0.000  0.000  0.000 -0.000
 2320.2   99  1.3763  0.346E-02  0.020  0.044    0.60  0.0009  0.990  0.044  0.030  0.003  1.000  0.008  0.500  0.002  0.000  0.000  0.000 -0.000
 2044.2   99  1.3966  0.455E-02  0.020  0.044    0.60  0.0014  0.990  0.044  0.037  0.003  1.000  0.010  0.500  0.002  0.000  0.000  0.000  0.000
 1778.4   99  1.4098  0.796E-02  0.020  0.044    0.60  0.0028  0.990  0.044  0.035  0.005  1.000  0.014  0.500  0.003  0.000  0.000  0.000  0.000
 1455.2   99  1.4183  0.120E-01  0.020  0.044    0.60  0.0051  0.990  0.044  0.043  0.007  1.000  0.021  0.500  0.004  0.000  0.000  0.000  0.000
 1270.3   99  1.4200  0.137E-01  0.020  0.044    0.60  0.0068  0.990  0.044  0.056  0.009  1.000  0.027  0.500  0.005  0.000  0.000  0.000  0.000
  944.3   99  1.4200  0.137E-01  0.020  0.044    0.60  0.0101  0.990  0.044  0.125  0.016  1.000  0.049  0.500  0.010  0.000  0.000  0.000  0.000
  693.5   99  1.4200  0.137E-01  0.020  0.044    0.60  0.0167  0.990  0.044  0.259  0.030  1.000  0.090  0.502  0.018  0.000  0.000  0.000  0.000
  527.1   99  1.4200  0.137E-01  0.020  0.044    0.60  0.0299  0.990  0.044  0.431  0.052  1.000  0.156  0.505  0.031  0.001  0.000  0.000  0.000
  399.8   99  1.4200  0.137E-01  0.020  0.044    0.60  0.0621  0.990  0.044  0.614  0.090  1.000  0.271  0.514  0.053  0.002  0.000  0.000  0.000
  329.1   99  1.4200  0.137E-01  0.020  0.044    0.60  0.1113  0.990  0.044  0.721  0.134  1.000  0.402  0.531  0.079  0.005  0.000  0.000  0.000
  229.8   99  1.4200  0.137E-01  0.020  0.044    0.60  0.3277  0.990  0.044  0.847  0.290  1.000  0.869  0.641  0.172  0.023  0.002  0.000  0.000
 7082.2   99  1.2291  0.131E+00  0.020  0.044    0.60  0.0123  0.990  0.044  0.000  0.000  1.000  0.001  0.500  0.000  0.000  0.000  0.000 -0.000
