0.010
0.015
0.020
0.026
0.033
0.040
0.048
0.057
0.066
0.078
0.089
0.105
0.120
0.140
0.159
0.185
0.211
0.245
0.279
0.322
0.365
0.420
0.476
0.546
0.617
0.706
0.795
0.907
1.019
1.160
1.301
1.476
1.651
1.868
2.085
2.353
2.620
2.948
3.276
3.677
4.077
4.562
5.047
5.632
6.217
6.918
7.620
8.456
9.293
10.285
11.277
12.460
13.643
15.050
16.457
18.124
19.792
21.761
23.730
26.049
28.368
31.089
33.810
36.993
40.175
43.910
47.644
52.016
56.388
61.496
66.603
72.558
78.512
85.439
92.366
100.514
108.663
118.250
127.837
139.115
150.393
163.661
176.930
192.587
208.244
226.745
245.246
267.087
288.927
313.966
339.005
358.038
377.070
396.112
415.155
434.212
453.269
472.335
491.401
510.475
529.550
548.628
567.706
586.793
605.880
624.967
644.054
663.146
682.239
694.969
707.699
720.429
733.160
745.890
758.621
771.354
784.088
796.822
809.556
819.743
829.929
837.570
845.211
852.852
860.493
868.135
875.776
883.418
891.059
898.701
906.342
913.984
921.626
929.268
936.911
944.553
952.195
959.837
967.480
975.122
982.765
990.408
998.051
1005.650
1013.250
